% time-domain voltage integration by openEMS v0.0.35 @Tue Apr 23 18:21:38 2019
% start-coordinates: (-0.0881743,0.15,0.04) m -> [29,63,36]
% stop-coordinates: (0.0881743,0.15,0.04) m -> [64,63,36]
% t/s	voltage
0	-0
1.36118841532e-010	4.62202353901e-006
2.72237683065e-010	1.1138555891e-005
4.08356524597e-010	1.46926935827e-005
5.44475366129e-010	1.18872334838e-005
6.80594207662e-010	2.71727009249e-006
8.16713049194e-010	-9.02803625991e-006
9.52831890726e-010	-1.75075950892e-005
1.08895073226e-009	-1.75926888346e-005
1.22506957379e-009	-7.86594080182e-006
1.36118841532e-009	7.87206374753e-006
1.49730725686e-009	2.18756971435e-005
1.63342609839e-009	2.60918070012e-005
1.76954493992e-009	1.65142549235e-005
1.90566378145e-009	-3.87781702926e-006
2.04178262298e-009	-2.55569887031e-005
2.17790146452e-009	-3.66993066336e-005
2.31402030605e-009	-2.93415100714e-005
2.45013914758e-009	-4.44754383011e-006
2.58625798911e-009	2.71030860972e-005
2.72237683065e-009	4.8904804089e-005
2.85849567218e-009	4.72459076946e-005
2.99461451371e-009	1.91517918893e-005
3.13073335524e-009	-2.41858470531e-005
3.26685219678e-009	-6.12735378809e-005
3.40297103831e-009	-7.05658821971e-005
3.53908987984e-009	-4.24052427661e-005
3.67520872137e-009	1.37073132294e-005
3.81132756291e-009	7.12794389983e-005
3.94744640444e-009	9.87637517937e-005
4.08356524597e-009	7.6215908166e-005
4.2196840875e-009	8.15947197452e-006
4.35580292903e-009	-7.50589329073e-005
4.49192177057e-009	-0.000129980796373
4.6280406121e-009	-0.000121986592603
4.76415945363e-009	-4.57704869632e-005
4.90027829516e-009	6.72252014056e-005
5.0363971367e-009	0.000160517817221
5.17251597823e-009	0.000179891190783
5.30863481976e-009	0.000103591909237
5.44475366129e-009	-4.08248064332e-005
5.58087250283e-009	-0.000184294258361
5.71699134436e-009	-0.000248053511314
5.85311018589e-009	-0.000185489261639
5.98922902742e-009	-1.24438050761e-005
6.12534786895e-009	0.000192393482848
6.26146671049e-009	0.00032157282476
6.39758555202e-009	0.000293669959319
6.53370439355e-009	0.000101625039861
6.66982323508e-009	-0.000172848645889
6.80594207662e-009	-0.000391499507714
6.94206091815e-009	-0.000427282042438
7.07817975968e-009	-0.000235398975747
7.21429860121e-009	0.000110853265141
7.35041744275e-009	0.000443939178695
7.48653628428e-009	0.00058074118715
7.62265512581e-009	0.000420404766373
7.75877396734e-009	1.04120456399e-005
7.89489280888e-009	-0.000459511372355
8.03101165041e-009	-0.000741951682357
8.16713049194e-009	-0.000658990833472
8.30324933347e-009	-0.000208159889553
8.439368175e-009	0.000413447326537
8.57548701654e-009	0.000890666044143
8.71160585807e-009	0.000946495249082
8.8477246996e-009	0.000497463663123
8.98384354113e-009	-0.000276627308722
9.11996238267e-009	-0.000997349043246
9.2560812242e-009	-0.00126828641805
9.39220006573e-009	-0.000887797588803
9.52831890726e-009	1.78356801825e-005
9.6644377488e-009	0.00102296266778
9.80055659033e-009	0.00159694278045
9.93667543186e-009	0.00137877700035
1.00727942734e-008	0.000392558727981
1.02089131149e-008	-0.000920147775105
1.03450319565e-008	-0.00189009782116
1.0481150798e-008	-0.00195544520102
1.06172696395e-008	-0.000977462848823
1.07533884811e-008	0.000636235814454
1.08895073226e-008	0.00208960547752
1.10256261641e-008	0.00258364706679
1.11617450057e-008	0.0017466309364
1.12978638472e-008	-0.000118408199342
1.14339826887e-008	-0.00212271961209
1.15701015302e-008	-0.00320628744521
1.17062203718e-008	-0.00268943679839
1.18423392133e-008	-0.00067891478102
1.19784580548e-008	0.00190594564629
1.21145768964e-008	0.00374140108033
1.22506957379e-008	0.00376764073735
1.23868145794e-008	0.00178471045365
1.2522933421e-008	-0.00135203294121
1.26590522625e-008	-0.00408307617181
1.2795171104e-008	-0.00490927226201
1.29312899456e-008	-0.0032006709007
1.30674087871e-008	0.000380249997761
1.32035276286e-008	0.00410615759029
1.33396464702e-008	0.0060049813037
1.34757653117e-008	0.00489035435021
1.36118841532e-008	0.00107040687362
1.37480029948e-008	-0.00367542245658
1.38841218363e-008	-0.0069082689879
1.40202406778e-008	-0.00676969268534
1.41563595194e-008	-0.00302597260452
1.42924783609e-008	0.00265942353872
1.44285972024e-008	0.00744098944415
1.4564716044e-008	0.00870078470325
1.47008348855e-008	0.00546184390259
1.4836953727e-008	-0.000948540049649
1.49730725686e-008	-0.00740498161758
1.51091914101e-008	-0.0104908885842
1.52453102516e-008	-0.00828871835256
1.53814290932e-008	-0.00152397777856
1.55175479347e-008	0.00660017599876
1.56536667762e-008	0.0118984751171
1.57897856178e-008	0.0113427958568
1.59259044593e-008	0.00476013646403
1.60620233008e-008	-0.00484855311515
1.61981421423e-008	-0.0126475371071
1.63342609839e-008	-0.014382805879
1.64703798254e-008	-0.00867726645083
1.66064986669e-008	0.0020222463645
1.67426175085e-008	0.0124505693093
1.687873635e-008	0.0170961832046
1.70148551915e-008	0.0130933845066
1.71509740331e-008	0.00192686905211
1.72870928746e-008	-0.0110394903168
1.74232117161e-008	-0.0191162306
1.75593305577e-008	-0.0177213457646
1.76954493992e-008	-0.00693994571338
1.78315682407e-008	0.00820206773642
1.79676870823e-008	0.0200504268869
1.81038059238e-008	0.022174731479
1.82399247653e-008	0.0128304215905
1.83760436069e-008	-0.00382062414428
1.85121624484e-008	-0.0195191430976
1.86482812899e-008	-0.0259875994525
1.87844001315e-008	-0.0192742498475
1.8920518973e-008	-0.00209193184855
1.90566378145e-008	0.0172016255092
1.91927566561e-008	0.0286485756515
1.93288754976e-008	0.025814826251
1.94649943391e-008	0.0093639921397
1.96011131807e-008	-0.0128850953188
1.97372320222e-008	-0.0296479289536
1.98733508637e-008	-0.0318850617623
2.00094697053e-008	-0.0176505168783
2.01455885468e-008	0.00651084013225
2.02817073883e-008	0.0285341066192
2.04178262298e-008	0.0368473349372
2.05539450714e-008	0.026436156244
2.06900639129e-008	0.00178909936221
2.08261827544e-008	-0.0249740888248
2.0962301596e-008	-0.0400492248591
2.10984204375e-008	-0.0350593759213
2.1234539279e-008	-0.0116712723975
2.13706581206e-008	0.0188105580746
2.15067769621e-008	0.0408909809776
2.16428958036e-008	0.0427575038048
2.17790146452e-008	0.0225811476121
2.19151334867e-008	-0.0101082512701
2.20512523282e-008	-0.0388978093397
2.21873711698e-008	-0.048731662333
2.23234900113e-008	-0.0337785551092
2.24596088528e-008	-0.000818574248115
2.25957276944e-008	0.0337888717186
2.27318465359e-008	0.0522246286273
2.28679653774e-008	0.0443878408987
2.3004084219e-008	0.0134032436763
2.31402030605e-008	-0.0255334259709
2.3276321902e-008	-0.0526055105729
2.34124407436e-008	-0.0534704357851
2.35485595851e-008	-0.0268521639518
2.36846784266e-008	0.0143860159733
2.38207972682e-008	0.0494500059867
2.39569161097e-008	0.0601134924218
2.40930349512e-008	0.0401991993422
2.42291537928e-008	-0.000893397198524
2.43652726343e-008	-0.0426069889218
2.45013914758e-008	-0.0635252639186
2.46375103174e-008	-0.052385035553
2.47736291589e-008	-0.0141303242417
2.49097480004e-008	0.0322413307149
2.50458668419e-008	0.0631269067526
2.51819856835e-008	0.0623548801523
2.5318104525e-008	0.0296607186319
2.54542233665e-008	-0.0188457173062
2.55903422081e-008	-0.0586285764584
2.57264610496e-008	-0.0691638505086
2.58625798911e-008	-0.0445479510818
2.59986987327e-008	0.00321708634146
2.61348175742e-008	0.0500798755093
2.62709364157e-008	0.0720786354505
2.64070552573e-008	0.0576217223424
2.65431740988e-008	0.0136015603202
2.66792929403e-008	-0.0378865679959
2.68154117819e-008	-0.0706618898548
2.69515306234e-008	-0.0678043880034
2.70876494649e-008	-0.0304093714803
2.72237683065e-008	0.0227897584555
2.7359887148e-008	0.0648298624437
2.74960059895e-008	0.0742202620022
2.76321248311e-008	0.045957447961
2.77682436726e-008	-0.00580798242299
2.79043625141e-008	-0.0548743989784
2.80404813557e-008	-0.0762877089437
2.81766001972e-008	-0.0590674462728
2.83127190387e-008	-0.0118523056153
2.84488378803e-008	0.0414449709933
2.85849567218e-008	0.0737820954528
2.87210755633e-008	0.0687463635113
2.88571944049e-008	0.0289084318792
2.89933132464e-008	-0.0254933295655
2.91294320879e-008	-0.0668626611587
2.92655509295e-008	-0.0742830715608
2.9401669771e-008	-0.0441228017444
2.95377886125e-008	0.00818469286605
2.9673907454e-008	0.056058931048
2.98100262956e-008	0.0753163602203
2.99461451371e-008	0.0564198684879
3.00822639786e-008	0.00921284989454
3.02183828202e-008	-0.0422183022602
3.03545016617e-008	-0.0718654822558
3.04906205032e-008	-0.0649856354576
3.06267393448e-008	-0.0254491264932
3.07628581863e-008	0.0264213132323
3.08989770278e-008	0.0643212986179
3.10350958694e-008	0.0693376776762
3.11712147109e-008	0.0394081547856
3.13073335524e-008	-0.00987437911681
3.1443452394e-008	-0.0533987454837
3.15795712355e-008	-0.0693600620143
3.1715690077e-008	-0.0502076728735
3.18518089186e-008	-0.00620714534307
3.19879277601e-008	0.0400574142113
3.21240466016e-008	0.0652982261963
3.22601654432e-008	0.0572701531928
3.23962842847e-008	0.0207118082326
3.25324031262e-008	-0.025400865532
3.26685219678e-008	-0.0577175933868
3.28046408093e-008	-0.0603598111775
3.29407596508e-008	-0.0327288224362
3.30768784924e-008	0.0105660864501
3.32129973339e-008	0.0474316048203
3.33491161754e-008	0.0595819337759
3.3485235017e-008	0.0416181837209
3.36213538585e-008	0.00338307768106
3.37574727e-008	-0.035409287666
3.38935915415e-008	-0.0553481905954
3.40297103831e-008	-0.0470487806015
3.41658292246e-008	-0.0155477882363
3.43019480661e-008	0.0226737201447
3.44380669077e-008	0.0483129489003
3.45741857492e-008	0.0490017496049
3.47103045907e-008	0.0252614723286
3.48464234323e-008	-0.0102038505138
3.49825422738e-008	-0.0392910715891
3.51186611153e-008	-0.047742418712
3.52547799569e-008	-0.0321279002819
3.53908987984e-008	-0.00115035867202
3.55270176399e-008	0.0291670114384
3.56631364815e-008	0.0437659352319
3.5799255323e-008	0.0360278842272
3.59353741645e-008	0.0107308927691
3.60714930061e-008	-0.0188066786504
3.62076118476e-008	-0.0377260681707
3.63437306891e-008	-0.0370977213606
3.64798495307e-008	-0.0181085122167
3.66159683722e-008	0.00898110691924
3.67520872137e-008	0.0303561018663
3.68882060553e-008	0.0356844698545
3.70243248968e-008	0.0230921570328
3.71604437383e-008	-0.000308976814267
3.72965625799e-008	-0.0223917197436
3.74326814214e-008	-0.0322857395513
3.75688002629e-008	-0.0257132709958
3.77049191045e-008	-0.006777959381
3.7841037946e-008	0.0145040972275
3.79771567875e-008	0.0274829640402
3.81132756291e-008	0.0261902897037
3.82493944706e-008	0.0120460544713
3.83855133121e-008	-0.00724884362717
3.85216321536e-008	-0.0218756454997
3.86577509952e-008	-0.0248794272775
3.87938698367e-008	-0.0154493706068
3.89299886782e-008	0.00103441173269
3.90661075198e-008	0.0160242401762
3.92022263613e-008	0.0222197861876
3.93383452028e-008	0.0171024791198
3.94744640444e-008	0.00388996914262
3.96105828859e-008	-0.0104060587473
3.97467017274e-008	-0.0186789234867
3.9882820569e-008	-0.017241559166
4.00189394105e-008	-0.00742835781421
4.0155058252e-008	0.00538700783363
4.02911770936e-008	0.0147053226829
4.04272959351e-008	0.0161805069074
4.05634147766e-008	0.00961797192576
4.06995336182e-008	-0.00120962331857
4.08356524597e-008	-0.0106912898191
4.09717713012e-008	-0.0142671898066
4.11078901428e-008	-0.0105997096398
4.12440089843e-008	-0.00200455491722
4.13801278258e-008	0.00694851185835
4.15162466674e-008	0.0118448906578
4.16523655089e-008	0.0105838470336
4.17884843504e-008	0.00424081119127
4.1924603192e-008	-0.00369660046999
4.20607220335e-008	-0.00922197574982
4.2196840875e-008	-0.0098161205533
4.23329597166e-008	-0.00556959807
4.24690785581e-008	0.00106307017268
4.26051973996e-008	0.0066513318161
4.27413162412e-008	0.00854719261406
4.28774350827e-008	0.00612081274448
4.30135539242e-008	0.000907377470867
4.31496727657e-008	-0.00431989035133
4.32857916073e-008	-0.00700854157913
4.34219104488e-008	-0.00605800347694
4.35580292903e-008	-0.00223746120173
4.36941481319e-008	0.0023470938504
4.38302669734e-008	0.00539567651867
4.39663858149e-008	0.00555509373953
4.41025046565e-008	0.00299875855853
4.4238623498e-008	-0.000790474646237
4.43747423395e-008	-0.00385898886452
4.45108611811e-008	-0.00477766146651
4.46469800226e-008	-0.00329266046174
4.47830988641e-008	-0.000343894404068
4.49192177057e-008	0.00250132997462
4.50553365472e-008	0.00386963206984
4.51914553887e-008	0.00323313777335
4.53275742303e-008	0.00108840767643
4.54636930718e-008	-0.00138103913196
4.55998119133e-008	-0.00294563189527
4.57359307549e-008	-0.00293265311484
4.58720495964e-008	-0.00150043342001
4.60081684379e-008	0.000518631406976
4.61442872795e-008	0.00208824362926
4.6280406121e-008	0.00249194367643
4.64165249625e-008	0.00164986348682
4.65526438041e-008	9.44448747759e-005
4.66887626456e-008	-0.00134930647982
4.68248814871e-008	-0.00199383504514
4.69610003287e-008	-0.00160887646052
4.70971191702e-008	-0.000486559865749
4.72332380117e-008	0.000753956423068
4.73693568533e-008	0.00150058336294
4.75054756948e-008	0.0014443187174
4.76415945363e-008	0.000697240313457
4.77777133778e-008	-0.000306253206872
4.79138322194e-008	-0.00105411053846
4.80499510609e-008	-0.00121288729861
4.81860699024e-008	-0.000769925383793
4.8322188744e-008	-4.70020768262e-006
4.84583075855e-008	0.000678265903844
4.8594426427e-008	0.000958784701652
4.87305452686e-008	0.000746488165532
4.88666641101e-008	0.000198940184418
4.90027829516e-008	-0.000382259661819
4.91389017932e-008	-0.000713397288564
4.92750206347e-008	-0.000663625300149
4.94111394762e-008	-0.000300693621284
4.95472583178e-008	0.000164548266639
4.96833771593e-008	0.000496409827974
4.98194960008e-008	0.000550929353267
4.99556148424e-008	0.000334567792379
5.00917336839e-008	-1.65975563959e-005
5.02278525254e-008	-0.000317785990774
5.0363971367e-008	-0.000430331364441
5.05000902085e-008	-0.000322946264532
5.063620905e-008	-7.38554836062e-005
5.07723278916e-008	0.000180120917776
5.09084467331e-008	0.000316543379085
5.10445655746e-008	0.000284492067294
5.11806844162e-008	0.000120242050798
5.13168032577e-008	-8.09816222045e-005
5.14529220992e-008	-0.000218118380872
5.15890409408e-008	-0.000233562798712
5.17251597823e-008	-0.000135360353852
5.18612786238e-008	1.49748400418e-005
5.19973974653e-008	0.000138802328365
5.21335163069e-008	0.00018029227158
5.22696351484e-008	0.000130274618186
5.24057539899e-008	2.4596719868e-005
5.25418728315e-008	-7.89261844147e-005
5.2677991673e-008	-0.00013110155669
5.28141105145e-008	-0.000113800444069
5.29502293561e-008	-4.45355913143e-005
5.30863481976e-008	3.66644828205e-005
5.32224670391e-008	8.943097464e-005
