% time-domain current integration by openEMS v0.0.35 @Tue Apr 23 18:21:38 2019
% start-coordinates: (-0.00251926,0.145,0.035) m -> [46,62,35]
% stop-coordinates: (-0.00251926,0.15,0.04) m -> [46,63,36]
% t/s	current
3.40297103831e-012	0
1.39521812571e-010	-2.19156204295e-009
2.75640654103e-010	4.63356686353e-009
4.11759495635e-010	1.97172731475e-008
5.47878337168e-010	2.20783071825e-008
6.839971787e-010	7.09419012423e-009
8.20116020232e-010	-1.93803391113e-008
9.56234861765e-010	-4.53310349258e-008
1.0923537033e-009	-5.48593099836e-008
1.22847254483e-009	-3.22847384382e-008
1.36459138636e-009	1.55328265805e-008
1.50071022789e-009	6.63902852693e-008
1.63682906943e-009	9.37506072773e-008
1.77294791096e-009	7.47713215787e-008
1.90906675249e-009	9.48988887473e-009
2.04518559402e-009	-7.43730623753e-008
2.18130443556e-009	-1.33823888859e-007
2.31742327709e-009	-1.32098890049e-007
2.45354211862e-009	-5.7093949124e-008
2.58966096015e-009	6.31277217167e-008
2.72577980168e-009	1.70014985201e-007
2.86189864322e-009	2.02700874752e-007
2.99801748475e-009	1.30161851075e-007
3.13413632628e-009	-2.63797108602e-008
3.27025516781e-009	-1.94885245719e-007
3.40637400935e-009	-2.84479767743e-007
3.54249285088e-009	-2.33008563555e-007
3.67861169241e-009	-4.5116607339e-008
3.81473053394e-009	1.9836001286e-007
3.95084937548e-009	3.72334739041e-007
4.08696821701e-009	3.69829820102e-007
4.22308705854e-009	1.63854565471e-007
4.35920590007e-009	-1.65093680948e-007
4.49532474161e-009	-4.55660511989e-007
4.63144358314e-009	-5.4185920817e-007
4.76756242467e-009	-3.44128949337e-007
4.9036812662e-009	7.34389260515e-008
5.03980010773e-009	5.15775582244e-007
5.17591894927e-009	7.43719283491e-007
5.3120377908e-009	5.98974395416e-007
5.44815663233e-009	1.03791037986e-007
5.58427547386e-009	-5.237352525e-007
5.7203943154e-009	-9.59626731856e-007
5.85651315693e-009	-9.360136346e-007
5.99263199846e-009	-3.96868870212e-007
6.12875083999e-009	4.3952525175e-007
6.26486968153e-009	1.159575163e-006
6.40098852306e-009	1.3522902691e-006
6.53710736459e-009	8.35045398162e-007
6.67322620612e-009	-2.12900147289e-007
6.80934504765e-009	-1.2960587128e-006
6.94546388919e-009	-1.8283077452e-006
7.08158273072e-009	-1.44059413287e-006
7.21770157225e-009	-2.13737834542e-007
7.35382041378e-009	1.30200521653e-006
7.48993925532e-009	2.32155230151e-006
7.62605809685e-009	2.22083235712e-006
7.76217693838e-009	8.99776068763e-007
7.89829577991e-009	-1.09079451249e-006
8.03441462145e-009	-2.76027185464e-006
8.17053346298e-009	-3.15821648655e-006
8.30665230451e-009	-1.89745685475e-006
8.44277114604e-009	5.5949402622e-007
8.57888998757e-009	3.03873048324e-006
8.71500882911e-009	4.19911430072e-006
8.85112767064e-009	3.23925132761e-006
8.98724651217e-009	4.03374087909e-007
9.1233653537e-009	-3.01559020954e-006
9.25948419524e-009	-5.24260985912e-006
9.39560303677e-009	-4.92173967359e-006
9.5317218783e-009	-1.90449770798e-006
9.66784071983e-009	2.51739447776e-006
9.80395956137e-009	6.13131896898e-006
9.9400784029e-009	6.8871017902e-006
1.00761972444e-008	4.02636078434e-006
1.0212316086e-008	-1.34914103e-006
1.03484349275e-008	-6.6468633122e-006
1.0484553769e-008	-9.00425038708e-006
1.06206726106e-008	-6.80214316162e-006
1.07567914521e-008	-6.86471707922e-007
1.08929102936e-008	6.51297250442e-006
1.10290291352e-008	1.10526470962e-005
1.11651479767e-008	1.01865571196e-005
1.13012668182e-008	3.76034131477e-006
1.14373856598e-008	-5.40920063941e-006
1.15735045013e-008	-1.27127141241e-005
1.17096233428e-008	-1.402558064e-005
1.18457421844e-008	-7.97934171715e-006
1.19818610259e-008	2.99768089462e-006
1.21179798674e-008	1.35672707984e-005
1.22540987089e-008	1.80295792234e-005
1.23902175505e-008	1.33420517159e-005
1.2526336392e-008	1.03588729417e-006
1.26624552335e-008	-1.31184206111e-005
1.27985740751e-008	-2.17554879782e-005
1.29346929166e-008	-1.9692164642e-005
1.30708117581e-008	-6.92767662258e-006
1.32069305997e-008	1.08234489744e-005
1.33430494412e-008	2.46045474341e-005
1.34791682827e-008	2.66759307124e-005
1.36152871243e-008	1.47708078657e-005
1.37514059658e-008	-6.15158342043e-006
1.38875248073e-008	-2.5841902243e-005
1.40236436489e-008	-3.37118617608e-005
1.41597624904e-008	-2.44461916736e-005
1.42958813319e-008	-1.33929336243e-006
1.44320001735e-008	2.46432937274e-005
1.4568119015e-008	3.99817799916e-005
1.47042378565e-008	3.55580959877e-005
1.48403566981e-008	1.19104843179e-005
1.49764755396e-008	-2.01713191927e-005
1.51125943811e-008	-4.44521938334e-005
1.52487132227e-008	-4.73858453915e-005
1.53848320642e-008	-2.55433060374e-005
1.55209509057e-008	1.16801338663e-005
1.56570697473e-008	4.5933014917e-005
1.57931885888e-008	5.88643197261e-005
1.59293074303e-008	4.18453091697e-005
1.60654262719e-008	1.3576876654e-006
1.62015451134e-008	-4.31772568845e-005
1.63376639549e-008	-6.86052517267e-005
1.64737827965e-008	-5.99774284638e-005
1.6609901638e-008	-1.91135422938e-005
1.67460204795e-008	3.50198388333e-005
1.6882139321e-008	7.49690152588e-005
1.70182581626e-008	7.86188684287e-005
1.71543770041e-008	4.12712543039e-005
1.72904958456e-008	-2.05471460504e-005
1.74266146872e-008	-7.61912378948e-005
1.75627335287e-008	-9.59859462455e-005
1.76988523702e-008	-6.69220098644e-005
1.78349712118e-008	-7.17951820661e-007
1.79710900533e-008	7.05619022483e-005
1.81072088948e-008	0.000109917004011
1.82433277364e-008	9.45079882513e-005
1.83794465779e-008	2.86376562144e-005
1.85155654194e-008	-5.66455819353e-005
1.8651684261e-008	-0.000118029201985
1.87878031025e-008	-0.000121835269965
1.8923921944e-008	-6.23139421805e-005
1.90600407856e-008	3.35228687618e-005
1.91961596271e-008	0.000117943345685
1.93322784686e-008	0.000146171500091
1.94683973102e-008	0.000100004530395
1.96045161517e-008	-1.02471744867e-006
1.97406349932e-008	-0.00010756226402
1.98767538348e-008	-0.000164434954058
2.00128726763e-008	-0.000139125942951
2.01489915178e-008	-4.00738827011e-005
2.02851103594e-008	8.53767924127e-005
2.04212292009e-008	0.000173469539732
2.05573480424e-008	0.000176362460479
2.0693466884e-008	8.79358121892e-005
2.08295857255e-008	-5.07642835146e-005
2.0965704567e-008	-0.000170387211256
2.11018234085e-008	-0.000207888471778
2.12379422501e-008	-0.000139650685014
2.13740610916e-008	4.23794745075e-006
2.15101799331e-008	0.000152945314767
2.16462987747e-008	0.000229696277529
2.17824176162e-008	0.000191352941329
2.19185364577e-008	5.23950147908e-005
2.20546552993e-008	-0.000119915566756
2.21907741408e-008	-0.000238006512518
2.23268929823e-008	-0.000238476408413
2.24630118239e-008	-0.000116003808216
2.25991306654e-008	7.13949484634e-005
2.27352495069e-008	0.000229720739299
2.28713683485e-008	0.000276136095636
2.300748719e-008	0.000182257732376
2.31436060315e-008	-9.00854138308e-006
2.32797248731e-008	-0.000202864961466
2.34158437146e-008	-0.000299606996123
2.35519625561e-008	-0.000245911476668
2.36880813977e-008	-6.40380894765e-005
2.38242002392e-008	0.000156965223141
2.39603190807e-008	0.000304852990666
2.40964379223e-008	0.000301237800159
2.42325567638e-008	0.000143085082527
2.43686756053e-008	-9.3298345746e-005
2.45047944469e-008	-0.000289045012323
2.46409132884e-008	-0.000342572806403
2.47770321299e-008	-0.000222329254029
2.49131509715e-008	1.496997902e-005
2.5049269813e-008	0.000251001940342
2.51853886545e-008	0.000364917505067
2.53215074961e-008	0.000295303500025
2.54576263376e-008	7.32090848032e-005
2.55937451791e-008	-0.000191489700228
2.57298640206e-008	-0.000364527659258
2.58659828622e-008	-0.000355481373845
2.60021017037e-008	-0.000165054894751
2.61382205452e-008	0.000113327419967
2.62743393868e-008	0.00033941611764
2.64104582283e-008	0.000396944844397
2.65465770698e-008	0.000253527541645
2.66826959114e-008	-2.12697013922e-005
2.68188147529e-008	-0.000289698597044
2.69549335944e-008	-0.000415037211496
2.7091052436e-008	-0.000331385788741
2.72271712775e-008	-7.83380746725e-005
2.7363290119e-008	0.000217728127609
2.74994089606e-008	0.000406920124078
2.76355278021e-008	0.000391908775782
2.77716466436e-008	0.000178104979568
2.79077654852e-008	-0.000127987965243
2.80438843267e-008	-0.000371961505152
2.81800031682e-008	-0.000429600273492
2.83161220098e-008	-0.000270285294391
2.84522408513e-008	2.6741918191e-005
2.85883596928e-008	0.000311896816129
2.87244785344e-008	0.000440790405264
2.88605973759e-008	0.000347539345967
2.89967162174e-008	7.85258380347e-005
2.9132835059e-008	-0.000230736215599
2.92689539005e-008	-0.000424057332566
2.9405072742e-008	-0.00040367373731
2.95411915836e-008	-0.000179822207429
2.96773104251e-008	0.000134419111419
2.98134292666e-008	0.000380413548555
2.99495481082e-008	0.00043427394121
3.00856669497e-008	0.000269426294835
3.02217857912e-008	-3.02523985738e-005
3.03579046327e-008	-0.000313229276799
3.04940234743e-008	-0.00043715062202
3.06301423158e-008	-0.000340648955898
3.07662611573e-008	-7.38035741961e-005
3.09023799989e-008	0.000227900658501
3.10384988404e-008	0.000412545632571
3.11746176819e-008	0.000388479907997
3.13107365235e-008	0.000169917781022
3.1446855365e-008	-0.000131300272187
3.15829742065e-008	-0.000363075145287
3.17190930481e-008	-0.000410047330661
3.18552118896e-008	-0.000251147313975
3.19913307311e-008	3.10782816086e-005
3.21274495727e-008	0.000293418066576
3.22635684142e-008	0.000404839229304
3.23996872557e-008	0.000312082993332
3.25358060973e-008	6.5102300141e-005
3.26719249388e-008	-0.000209793142858
3.28080437803e-008	-0.000374665483832
3.29441626219e-008	-0.000349310896127
3.30802814634e-008	-0.00015030457871
3.32164003049e-008	0.000119291864394
3.33525191465e-008	0.000323374639265
3.3488637988e-008	0.000361641694326
3.36247568295e-008	0.000218946137466
3.37608756711e-008	-2.91500546155e-005
3.38969945126e-008	-0.000256368832197
3.40331133541e-008	-0.000350092042936
3.41692321957e-008	-0.000267249997705
3.43053510372e-008	-5.39537722943e-005
3.44414698787e-008	0.000179982976988
3.45775887202e-008	0.000317634898238
3.47137075618e-008	0.000293475575745
3.48498264033e-008	0.000124494632473
3.49859452448e-008	-0.000100808800198
3.51220640864e-008	-0.000268760923063
3.52581829279e-008	-0.000297918799333
3.53943017694e-008	-0.000178530812263
3.5530420611e-008	2.50451521424e-005
3.56665394525e-008	0.000208916288102
3.5802658294e-008	0.000282697787043
3.59387771356e-008	0.000213930077734
3.60748959771e-008	4.20538490289e-005
3.62110148186e-008	-0.000143891127664
3.63471336602e-008	-0.000251368182944
3.64832525017e-008	-0.000230385659961
3.66193713432e-008	-9.65776125668e-005
3.67554901848e-008	7.9232675489e-005
3.68916090263e-008	0.000208426834433
3.70277278678e-008	0.000229239376495
3.71638467094e-008	0.000136175440275
3.72999655509e-008	-1.97478093469e-005
3.74360843924e-008	-0.00015877270198
3.7572203234e-008	-0.000213152903598
3.77083220755e-008	-0.000160085037351
3.7844440917e-008	-3.08586277242e-005
3.79805597586e-008	0.000107190520794
3.81166786001e-008	0.000185681958101
3.82527974416e-008	0.000168992060935
3.83889162832e-008	7.01847748132e-005
3.85250351247e-008	-5.79131410632e-005
3.86611539662e-008	-0.000150813226355
3.87972728078e-008	-0.000164757540915
3.89333916493e-008	-9.71698173089e-005
3.90695104908e-008	1.43018460221e-005
3.92056293323e-008	0.000112521585834
3.93417481739e-008	0.000150062551256
3.94778670154e-008	0.000111987064884
3.96139858569e-008	2.1335650672e-005
3.97501046985e-008	-7.43949276512e-005
3.988622354e-008	-0.000128020881675
4.00223423815e-008	-0.000115825234388
4.01584612231e-008	-4.7789337259e-005
4.02945800646e-008	3.93583104596e-005
4.04306989061e-008	0.00010180931713
4.05668177477e-008	0.000110599736217
4.07029365892e-008	6.48695422569e-005
4.08390554307e-008	-9.51339825406e-006
4.09751742723e-008	-7.43538548704e-005
4.11112931138e-008	-9.86378654488e-005
4.12474119553e-008	-7.32370099286e-005
4.13835307969e-008	-1.39083795148e-005
4.15196496384e-008	4.80978669657e-005
4.16557684799e-008	8.23780792416e-005
4.17918873215e-008	7.41753465263e-005
4.1928006163e-008	3.04933382722e-005
4.20641250045e-008	-2.48639389611e-005
4.22002438461e-008	-6.41142396489e-005
4.23363626876e-008	-6.93421752658e-005
4.24724815291e-008	-4.05180398957e-005
4.26086003707e-008	5.80724827159e-006
4.27447192122e-008	4.58056965726e-005
4.28808380537e-008	6.05308669037e-005
4.30169568953e-008	4.47754064226e-005
4.31530757368e-008	8.55172766023e-006
4.32891945783e-008	-2.89613490168e-005
4.34253134199e-008	-4.9467831559e-005
4.35614322614e-008	-4.43835451733e-005
4.36975511029e-008	-1.8235121388e-005
4.38336699444e-008	1.45957747009e-005
4.3969788786e-008	3.76606476493e-005
4.41059076275e-008	4.06022882089e-005
4.4242026469e-008	2.36790292547e-005
4.43781453106e-008	-3.24697293763e-006
4.45142641521e-008	-2.63034780801e-005
4.46503829936e-008	-3.4676555515e-005
4.47865018352e-008	-2.55909435509e-005
4.49226206767e-008	-4.95984113513e-006
4.50587395182e-008	1.62374817592e-005
4.51948583598e-008	2.77182916761e-005
4.53309772013e-008	2.48124015343e-005
4.54670960428e-008	1.02202357084e-005
4.56032148844e-008	-7.9581832324e-006
4.57393337259e-008	-2.06312106457e-005
4.58754525674e-008	-2.22013804887e-005
4.6011571409e-008	-1.29474556161e-005
4.61476902505e-008	1.65750680026e-006
4.6283809092e-008	1.40766696859e-005
4.64199279336e-008	1.85428289114e-005
4.65560467751e-008	1.36726375786e-005
4.66921656166e-008	2.7126995974e-006
4.68282844582e-008	-8.47423507366e-006
4.69644032997e-008	-1.44905361594e-005
4.71005221412e-008	-1.29589170683e-005
4.72366409828e-008	-5.36850120625e-006
4.73727598243e-008	4.02793648391e-006
4.75088786658e-008	1.05387789517e-005
4.76449975074e-008	1.13355572466e-005
4.77811163489e-008	6.62355841996e-006
4.79172351904e-008	-7.68407119267e-007
4.8053354032e-008	-7.01906719769e-006
4.81894728735e-008	-9.25426229514e-006
4.8325591715e-008	-6.82821018927e-006
4.84617105565e-008	-1.39829535328e-006
4.85978293981e-008	4.11541213907e-006
4.87339482396e-008	7.0665464591e-006
4.88700670811e-008	6.32236469755e-006
4.90061859227e-008	2.6426750992e-006
4.91423047642e-008	-1.89111892723e-006
4.92784236057e-008	-5.01875410919e-006
4.94145424473e-008	-5.40362407264e-006
4.95506612888e-008	-3.16991645377e-006
4.96867801303e-008	3.2064369293e-007
4.98228989719e-008	3.26011445395e-006
4.99590178134e-008	4.30988802691e-006
5.00951366549e-008	3.18716797665e-006
5.02312554965e-008	6.78705418977e-007
5.0367374338e-008	-1.85898716154e-006
5.05034931795e-008	-3.21404331771e-006
5.06396120211e-008	-2.88101341539e-006
5.07757308626e-008	-1.21887342175e-006
5.09118497041e-008	8.22856463856e-007
5.10479685457e-008	2.22759808821e-006
5.11840873872e-008	2.4045777991e-006
5.13202062287e-008	1.41904729389e-006
5.14563250703e-008	-1.18535254501e-007
5.15924439118e-008	-1.41000327858e-006
5.17285627533e-008	-1.87269563412e-006
5.18646815949e-008	-1.39022336043e-006
5.20008004364e-008	-3.09865356485e-007
5.21369192779e-008	7.80680522894e-007
5.22730381195e-008	1.36307244247e-006
5.2409156961e-008	1.22601181829e-006
5.25452758025e-008	5.2660664096e-007
5.2681394644e-008	-3.31429589551e-007
5.28175134856e-008	-9.21275386645e-007
5.29536323271e-008	-9.98666678242e-007
5.30897511686e-008	-5.94097855355e-007
5.32258700102e-008	3.75982303069e-008
