% time-domain voltage integration by openEMS v0.0.35 @Thu May 16 11:09:24 2019
% start-coordinates: (-0.01885,-0.11546,-0.023824) m -> [93,46,24]
% stop-coordinates: (-0.01885,-0.11546,-0.01) m -> [93,46,30]
% t/s	voltage
0	0
1.31557283377e-010	0
2.63114566753e-010	0
3.9467185013e-010	1.09427156164e-019
5.26229133506e-010	1.58293855657e-012
6.57786416883e-010	4.69201062551e-010
7.89343700259e-010	8.84674413587e-010
9.20900983636e-010	8.25175587582e-010
1.05245826701e-009	1.1197104962e-010
1.18401555039e-009	-1.05084725123e-009
1.31557283377e-009	-1.84724785815e-009
1.44713011714e-009	-1.34652280992e-009
1.57868740052e-009	5.94070126425e-010
1.71024468389e-009	3.32227231836e-009
1.84180196727e-009	5.58197973954e-009
1.97335925065e-009	5.88257602352e-009
2.10491653402e-009	3.40348434158e-009
2.2364738174e-009	-1.98809877588e-009
2.36803110078e-009	-8.96550497731e-009
2.49958838415e-009	-1.35416568514e-008
2.63114566753e-009	-1.18702742913e-008
2.76270295091e-009	-2.58291035088e-009
2.89426023428e-009	1.20036756368e-008
3.02581751766e-009	2.61192276141e-008
3.15737480104e-009	3.05118434962e-008
3.28893208441e-009	1.88187149197e-008
3.42048936779e-009	-8.06772898487e-009
3.55204665117e-009	-3.9656571027e-008
3.68360393454e-009	-5.93472944121e-008
3.81516121792e-009	-5.20711512797e-008
3.9467185013e-009	-1.31397680792e-008
4.07827578467e-009	4.5557675965e-008
4.20983306805e-009	9.76609215719e-008
4.34139035143e-009	1.12422142928e-007
4.4729476348e-009	6.90342618626e-008
4.60450491818e-009	-2.71941228425e-008
4.73606220156e-009	-1.38382260317e-007
4.86761948493e-009	-2.06284179516e-007
4.99917676831e-009	-1.79306796522e-007
5.13073405168e-009	-4.50256482099e-008
5.26229133506e-009	1.53290096172e-007
5.39384861844e-009	3.23806995439e-007
5.52540590181e-009	3.63390052271e-007
5.65696318519e-009	2.13796973014e-007
5.78852046857e-009	-9.47126064244e-008
5.92007775194e-009	-4.35301402923e-007
6.05163503532e-009	-6.28999988095e-007
6.1831923187e-009	-5.30431710999e-007
6.31474960207e-009	-1.17443603065e-007
6.44630688545e-009	4.65458361631e-007
6.57786416883e-009	9.43853063262e-007
6.7094214522e-009	1.031611367e-006
6.84097873558e-009	5.83513580565e-007
6.97253601896e-009	-2.88848445607e-007
7.10409330233e-009	-1.21555088128e-006
7.23565058571e-009	-1.70900813501e-006
7.36720786909e-009	-1.40194659082e-006
7.49876515246e-009	-2.74638338738e-007
7.63032243584e-009	1.25485752278e-006
7.76187971922e-009	2.45795699527e-006
7.89343700259e-009	2.61972435567e-006
8.02499428597e-009	1.42669953362e-006
8.15655156934e-009	-7.77085292114e-007
8.28810885272e-009	-3.0343522468e-006
8.4196661361e-009	-4.15894268713e-006
8.55122341947e-009	-3.32327361008e-006
8.68278070285e-009	-5.73351879751e-007
8.81433798623e-009	3.02100252014e-006
8.9458952696e-009	5.73315047347e-006
9.07745255298e-009	5.96785517359e-006
9.20900983636e-009	3.1322785361e-006
9.34056711973e-009	-1.86024583471e-006
9.47212440311e-009	-6.79402089077e-006
9.60368168649e-009	-9.08278298084e-006
9.73523896986e-009	-7.066145713e-006
9.86679625324e-009	-1.04578305482e-006
9.99835353662e-009	6.53432798003e-006
1.012991082e-008	1.20053703654e-005
1.02614681034e-008	1.21885800297e-005
1.03930253867e-008	6.13638404445e-006
1.05245826701e-008	-4.01470978773e-006
1.06561399535e-008	-1.36704803992e-005
1.07876972369e-008	-1.77885665948e-005
1.09192545203e-008	-1.34296753345e-005
1.10508118036e-008	-1.59328117988e-006
1.1182369087e-008	1.27278289312e-005
1.13139263704e-008	2.25601863804e-005
1.14454836538e-008	2.22724304422e-005
1.15770409371e-008	1.065979788e-005
1.17085982205e-008	-7.84585753877e-006
1.18401555039e-008	-2.47194155349e-005
1.19717127873e-008	-3.11965041533e-005
1.21032700706e-008	-2.27348971293e-005
1.2234827354e-008	-1.84953140803e-006
1.23663846374e-008	2.23395793455e-005
1.24979419208e-008	3.80012317009e-005
1.26294992041e-008	3.63166591342e-005
1.27610564875e-008	1.62944668887e-005
1.28926137709e-008	-1.38963416134e-005
1.30241710543e-008	-4.01279303333e-005
1.31557283377e-008	-4.88771532901e-005
1.3287285621e-008	-3.41279375675e-005
1.34188429044e-008	-1.11620564169e-006
1.35504001878e-008	3.52911566779e-005
1.36819574712e-008	5.72448113871e-005
1.38135147545e-008	5.26447345237e-005
1.39450720379e-008	2.16928395389e-005
1.40766293213e-008	-2.22404078727e-005
1.42081866047e-008	-5.83250493946e-005
1.4339743888e-008	-6.81621451122e-005
1.44713011714e-008	-4.51554991514e-005
1.46028584548e-008	1.40938627879e-006
1.47344157382e-008	4.99933943274e-005
1.48659730215e-008	7.67989808992e-005
1.49975303049e-008	6.74836541066e-005
1.51290875883e-008	2.47984485213e-005
1.52606448717e-008	-3.19096434964e-005
1.53922021551e-008	-7.54984391733e-005
1.55237594384e-008	-8.41235544158e-005
1.56553167218e-008	-5.22589742786e-005
1.57868740052e-008	5.9532929555e-006
1.59184312886e-008	6.29955299019e-005
1.60499885719e-008	9.11082065613e-005
1.61815458553e-008	7.59389461109e-005
1.63131031387e-008	2.39261012212e-005
1.64446604221e-008	-4.04141133004e-005
1.65762177054e-008	-8.6172932015e-005
1.67077749888e-008	-9.10783317067e-005
1.68393322722e-008	-5.24717597727e-005
1.69708895556e-008	1.12480068424e-005
1.71024468389e-008	6.95060490443e-005
1.72340041223e-008	9.44192145198e-005
1.73655614057e-008	7.43258294733e-005
1.74971186891e-008	1.93186928072e-005
1.76286759725e-008	-4.38862174406e-005
1.77602332558e-008	-8.51109803079e-005
1.78917905392e-008	-8.53350852594e-005
1.80233478226e-008	-4.55844098042e-005
1.8154905106e-008	1.41261295425e-005
1.82864623893e-008	6.50054117841e-005
1.84180196727e-008	8.35809730688e-005
1.85495769561e-008	6.26688838565e-005
1.86811342395e-008	1.40176310879e-005
1.88126915228e-008	-3.82668220027e-005
1.89442488062e-008	-6.98461158208e-005
1.90758060896e-008	-6.76369727444e-005
1.9207363373e-008	-3.51568152155e-005
1.93389206564e-008	1.04157341241e-005
1.94704779397e-008	4.74088426472e-005
1.96020352231e-008	6.01214900371e-005
1.97335925065e-008	4.54504840945e-005
1.98651497899e-008	1.29021376551e-005
1.99967070732e-008	-2.12768118786e-005
2.01282643566e-008	-4.23327261387e-005
2.025982164e-008	-4.33687517898e-005
2.03913789234e-008	-2.70970974725e-005
2.05229362067e-008	-2.9046152008e-006
2.06544934901e-008	1.85165434345e-005
2.07860507735e-008	2.99203779832e-005
2.09176080569e-008	2.95158505992e-005
2.10491653402e-008	1.99896302888e-005
2.11807226236e-008	5.94153551958e-006
2.1312279907e-008	-8.37605948334e-006
2.14438371904e-008	-1.98860520868e-005
2.15753944738e-008	-2.62853430968e-005
2.17069517571e-008	-2.55492656152e-005
2.18385090405e-008	-1.63852276103e-005
2.19700663239e-008	3.25267269563e-007
2.21016236073e-008	2.02067260489e-005
2.22331808906e-008	3.57022502158e-005
2.2364738174e-008	3.87555888892e-005
2.24962954574e-008	2.50270163065e-005
2.26278527408e-008	-2.58115419882e-006
2.27594100241e-008	-3.35179864237e-005
2.28909673075e-008	-5.33798059905e-005
2.30225245909e-008	-5.06864587351e-005
2.31540818743e-008	-2.34066674807e-005
2.32856391576e-008	1.84366316489e-005
2.3417196441e-008	5.61433542998e-005
2.35487537244e-008	7.0747263635e-005
2.36803110078e-008	5.26446500544e-005
2.38118682912e-008	7.50205764177e-006
2.39434255745e-008	-4.50501388514e-005
2.40749828579e-008	-7.99792849193e-005
2.42065401413e-008	-7.89123894265e-005
2.43380974247e-008	-3.98132691544e-005
2.4469654708e-008	2.08334939202e-005
2.46012119914e-008	7.49568985157e-005
2.47327692748e-008	9.60394049798e-005
2.48643265582e-008	7.2231600825e-005
2.49958838415e-008	1.28950681528e-005
2.51274411249e-008	-5.49950843833e-005
2.52589984083e-008	-9.92481229787e-005
2.53905556917e-008	-9.78862597094e-005
2.5522112975e-008	-5.0125933285e-005
2.56536702584e-008	2.26044735996e-005
2.57852275418e-008	8.63866969212e-005
2.59167848252e-008	0.00011080555214
2.60483421086e-008	8.35858877508e-005
2.61798993919e-008	1.6766941485e-005
2.63114566753e-008	-5.86903955764e-005
2.64430139587e-008	-0.000107411630779
2.65745712421e-008	-0.000106353892079
