% time-domain current integration by openEMS v0.0.35 @Thu May 16 11:09:24 2019
% start-coordinates: (-0.0190256,-0.116026,-0.0223) m -> [92,45,28]
% stop-coordinates: (-0.01885,-0.11546,-0.0223) m -> [93,46,28]
% t/s	current
3.33225135199e-014	-0
1.3159060589e-010	-0
2.63147889267e-010	-0
3.94705172643e-010	-1.77339930072e-021
5.2626245602e-010	-2.99706616404e-014
6.57819739396e-010	-9.29160567931e-012
7.89377022773e-010	-1.76512329059e-011
9.20934306149e-010	-1.65223563997e-011
1.05249158953e-009	-2.31756454305e-012
1.1840488729e-009	2.09255061195e-011
1.31560615628e-009	3.68615485358e-011
1.44716343966e-009	2.70386889961e-011
1.57872072303e-009	-1.17261044624e-011
1.71027800641e-009	-6.62200502766e-011
1.84183528978e-009	-1.11602255215e-010
1.97339257316e-009	-1.17806611688e-010
2.10494985654e-009	-6.83574932769e-011
2.23650713991e-009	3.94737229015e-011
2.36806442329e-009	1.79113529564e-010
2.49962170667e-009	2.7087665444e-010
2.63117899004e-009	2.3780566405e-010
2.76273627342e-009	5.21889857719e-011
2.8942935568e-009	-2.39732234064e-010
3.02585084017e-009	-5.22355714239e-010
3.15740812355e-009	-6.10651362809e-010
3.28896540693e-009	-3.77107595151e-010
3.4205226903e-009	1.60654239911e-010
3.55207997368e-009	7.92925725079e-010
3.68363725706e-009	1.18739262867e-009
3.81519454043e-009	1.04247899202e-009
3.94675182381e-009	2.63984556437e-010
4.07830910719e-009	-9.10431341428e-010
4.20986639056e-009	-1.9535950635e-009
4.34142367394e-009	-2.24989626929e-009
4.47298095732e-009	-1.38250211279e-009
4.60453824069e-009	5.42588307617e-010
4.73609552407e-009	2.76772005314e-009
4.86765280745e-009	4.12743128564e-009
4.99921009082e-009	3.58889273855e-009
5.1307673742e-009	9.02839247807e-010
5.26232465757e-009	-3.06541436679e-009
5.39388194095e-009	-6.47820641575e-009
5.52543922433e-009	-7.27171478587e-009
5.6569965077e-009	-4.27969393257e-009
5.78855379108e-009	1.89294357966e-009
5.92011107446e-009	8.70845884293e-009
6.05166835783e-009	1.25854828781e-008
6.18322564121e-009	1.06145510159e-008
6.31478292459e-009	2.35158381656e-009
6.44634020796e-009	-9.31194144016e-009
6.57789749134e-009	-1.88849682559e-008
6.70945477472e-009	-2.06413233172e-008
6.84101205809e-009	-1.16752305601e-008
6.97256934147e-009	5.78024872411e-009
7.10412662485e-009	2.43223965413e-008
7.23568390822e-009	3.41944392801e-008
7.3672411916e-009	2.80478005266e-008
7.49879847498e-009	5.4892739243e-009
7.63035575835e-009	-2.51139198326e-008
7.76191304173e-009	-4.91820273396e-008
7.89347032511e-009	-5.24106553712e-008
8.02502760848e-009	-2.85315948645e-008
8.15658489186e-009	1.55660657697e-008
8.28814217523e-009	6.07238703765e-008
8.41969945861e-009	8.32085760294e-008
8.55125674199e-009	6.64680044338e-008
8.68281402536e-009	1.14337801449e-008
8.81437130874e-009	-6.0478107855e-008
8.94592859212e-009	-1.14717003896e-007
9.07748587549e-009	-1.19373453344e-007
9.20904315887e-009	-6.26051530617e-008
9.34060044225e-009	3.72920467839e-008
9.47215772562e-009	1.35974019599e-007
9.603715009e-009	1.8170217686e-007
9.73527229238e-009	1.41284075994e-007
9.86682957575e-009	2.0794361788e-008
9.99838685913e-009	-1.30838856194e-007
1.01299441425e-008	-2.40209857338e-007
1.02615014259e-008	-2.43754698204e-007
1.03930587093e-008	-1.22575144701e-007
1.05246159926e-008	8.05241455737e-008
1.0656173276e-008	2.73603205869e-007
1.07877305594e-008	3.55812403541e-007
1.09192878428e-008	2.68429033667e-007
1.10508451261e-008	3.15472945545e-008
1.11824024095e-008	-2.54880859529e-007
1.13139596929e-008	-4.5135544724e-007
1.14455169763e-008	-4.45313446562e-007
1.15770742596e-008	-2.12797317545e-007
1.1708631543e-008	1.57406674361e-007
1.18401888264e-008	4.94717255606e-007
1.19717461098e-008	6.23893868124e-007
1.21033033932e-008	4.54257701676e-007
1.22348606765e-008	3.63213032983e-008
1.23664179599e-008	-4.47365266609e-007
1.24979752433e-008	-7.60181194437e-007
1.26295325267e-008	-7.25929169221e-007
1.276108981e-008	-3.25062273987e-007
1.28926470934e-008	2.78794715314e-007
1.30242043768e-008	8.0301339267e-007
1.31557616602e-008	9.77292415882e-007
1.32873189435e-008	6.81647861711e-007
1.34188762269e-008	2.11526813843e-008
1.35504335103e-008	-7.06671130501e-007
1.36819907937e-008	-1.14494321224e-006
1.3813548077e-008	-1.05203025669e-006
1.39451053604e-008	-4.32435228959e-007
1.40766626438e-008	4.46104650109e-007
1.42082199272e-008	1.16699061437e-006
1.43397772106e-008	1.36259961891e-006
1.44713344939e-008	9.01565215372e-007
1.46028917773e-008	-2.99159914618e-008
1.47344490607e-008	-1.0009101743e-006
1.48660063441e-008	-1.53575206241e-006
1.49975636274e-008	-1.34819970299e-006
1.51291209108e-008	-4.93914797062e-007
1.52606781942e-008	6.39824065729e-007
1.53922354776e-008	1.5103264559e-006
1.55237927609e-008	1.68130281963e-006
1.56553500443e-008	1.0429946542e-006
1.57869073277e-008	-1.21218533877e-007
1.59184646111e-008	-1.26095005726e-006
1.60500218945e-008	-1.82152678008e-006
1.61815791778e-008	-1.51672168158e-006
1.63131364612e-008	-4.76024752061e-007
1.64446937446e-008	8.09992116046e-007
1.6576251028e-008	1.7235154246e-006
1.67078083113e-008	1.81991038062e-006
1.68393655947e-008	1.04685796032e-006
1.69709228781e-008	-2.27199279834e-007
1.71024801615e-008	-1.39092139761e-006
1.72340374448e-008	-1.88735282336e-006
1.73655947282e-008	-1.48416415868e-006
1.74971520116e-008	-3.83857468478e-007
1.7628709295e-008	8.79179651747e-007
1.77602665783e-008	1.7019299321e-006
1.78918238617e-008	1.70484872797e-006
1.80233811451e-008	9.09213099476e-007
1.81549384285e-008	-2.84409196638e-007
1.82864957119e-008	-1.3005285382e-006
1.84180529952e-008	-1.67044481714e-006
1.85496102786e-008	-1.25125552586e-006
1.8681167562e-008	-2.7834823868e-007
1.88127248454e-008	7.66285438658e-007
1.89442821287e-008	1.39645453601e-006
1.90758394121e-008	1.35120171763e-006
1.92073966955e-008	7.01348312759e-007
1.93389539789e-008	-2.09497329706e-007
1.94705112622e-008	-9.48284991864e-007
1.96020685456e-008	-1.20156153116e-006
1.9733625829e-008	-9.07710500542e-007
1.98651831124e-008	-2.5697147521e-007
1.99967403957e-008	4.25949082228e-007
2.01282976791e-008	8.46374518915e-007
2.02598549625e-008	8.66704681357e-007
2.03914122459e-008	5.41285544386e-007
2.05229695293e-008	5.77202818874e-008
2.06545268126e-008	-3.7039924905e-007
2.0786084096e-008	-5.98332462687e-007
2.09176413794e-008	-5.90267063671e-007
2.10491986628e-008	-3.99795709427e-007
2.11807559461e-008	-1.18756105394e-007
2.13123132295e-008	1.67835082721e-007
2.14438705129e-008	3.98294957904e-007
2.15754277963e-008	5.26322082806e-007
2.17069850796e-008	5.11266307512e-007
2.1838542363e-008	3.27334646499e-007
2.19700996464e-008	-7.53621520744e-009
2.21016569298e-008	-4.054389251e-007
2.22332142131e-008	-7.14971577054e-007
2.23647714965e-008	-7.75074454396e-007
2.24963287799e-008	-4.99371822116e-007
2.26278860633e-008	5.35004289759e-008
2.27594433467e-008	6.72073610986e-007
2.289100063e-008	1.06823586066e-006
2.30225579134e-008	1.01283058029e-006
2.31541151968e-008	4.65979155706e-007
2.32856724802e-008	-3.71181101855e-007
2.34172297635e-008	-1.12440250177e-006
2.35487870469e-008	-1.4147165075e-006
2.36803443303e-008	-1.05087337943e-006
2.38119016137e-008	-1.47105353676e-007
2.3943458897e-008	9.03462193946e-007
2.40750161804e-008	1.60032664098e-006
2.42065734638e-008	1.57681017754e-006
2.43381307472e-008	7.93243486896e-007
2.44696880305e-008	-4.19873629198e-007
2.46012453139e-008	-1.50097275764e-006
2.47328025973e-008	-1.92031347979e-006
2.48643598807e-008	-1.44200021168e-006
2.49959171641e-008	-2.54318422321e-007
2.51274744474e-008	1.10273890641e-006
2.52590317308e-008	1.98567863663e-006
2.53905890142e-008	1.95593588614e-006
2.55221462976e-008	9.9903706996e-007
2.56537035809e-008	-4.55630015495e-007
2.57852608643e-008	-1.72965428646e-006
2.59168181477e-008	-2.21549089474e-006
2.60483754311e-008	-1.66883796737e-006
2.61799327144e-008	-3.31549870225e-007
2.63114899978e-008	1.17672448141e-006
2.64430472812e-008	2.14891178985e-006
2.65746045646e-008	2.12521104004e-006
