% time-domain current integration by openEMS v0.0.35 @Fri May 17 01:08:01 2019
% start-coordinates: (-0.0190256,-0.116026,-0.0223) m -> [92,45,28]
% stop-coordinates: (-0.01885,-0.11546,-0.0223) m -> [93,46,28]
% t/s	current
3.33225135199e-014	-0
1.3159060589e-010	-0
2.63147889267e-010	-0
3.94705172643e-010	-1.77339930072e-021
5.2626245602e-010	-2.99706616404e-014
6.57819739396e-010	-9.29160567931e-012
7.89377022773e-010	-1.76512329059e-011
9.20934306149e-010	-1.65223563997e-011
1.05249158953e-009	-2.31756454305e-012
1.1840488729e-009	2.09255061195e-011
1.31560615628e-009	3.68615485358e-011
1.44716343966e-009	2.70386889961e-011
1.57872072303e-009	-1.17261044624e-011
1.71027800641e-009	-6.62200502766e-011
1.84183528978e-009	-1.11602255215e-010
1.97339257316e-009	-1.17806611688e-010
2.10494985654e-009	-6.83574932769e-011
2.23650713991e-009	3.94737229015e-011
2.36806442329e-009	1.79113529564e-010
2.49962170667e-009	2.7087665444e-010
2.63117899004e-009	2.3780566405e-010
2.76273627342e-009	5.21889857719e-011
2.8942935568e-009	-2.39732234064e-010
3.02585084017e-009	-5.22355714239e-010
3.15740812355e-009	-6.10651362809e-010
3.28896540693e-009	-3.77107595151e-010
3.4205226903e-009	1.60654239911e-010
3.55207997368e-009	7.92925725079e-010
3.68363725706e-009	1.18739262867e-009
3.81519454043e-009	1.04247899202e-009
3.94675182381e-009	2.63984556437e-010
4.07830910719e-009	-9.10431341428e-010
4.20986639056e-009	-1.9535950635e-009
4.34142367394e-009	-2.24989626929e-009
4.47298095732e-009	-1.38250211279e-009
4.60453824069e-009	5.42588307617e-010
4.73609552407e-009	2.76772005314e-009
4.86765280745e-009	4.12743128564e-009
4.99921009082e-009	3.58889273855e-009
5.1307673742e-009	9.02839247807e-010
5.26232465757e-009	-3.06541436679e-009
5.39388194095e-009	-6.47820641575e-009
5.52543922433e-009	-7.27171478587e-009
5.6569965077e-009	-4.27969393257e-009
5.78855379108e-009	1.89294357966e-009
5.92011107446e-009	8.70845884293e-009
6.05166835783e-009	1.25854828781e-008
6.18322564121e-009	1.06145510159e-008
6.31478292459e-009	2.35158381656e-009
6.44634020796e-009	-9.31194144016e-009
6.57789749134e-009	-1.88849682559e-008
6.70945477472e-009	-2.06413233172e-008
6.84101205809e-009	-1.16752305601e-008
6.97256934147e-009	5.78024872411e-009
7.10412662485e-009	2.43223965413e-008
7.23568390822e-009	3.41944392801e-008
7.3672411916e-009	2.80478005266e-008
7.49879847498e-009	5.4892739243e-009
7.63035575835e-009	-2.51139198326e-008
7.76191304173e-009	-4.91820273396e-008
7.89347032511e-009	-5.24106553712e-008
8.02502760848e-009	-2.85315948645e-008
8.15658489186e-009	1.55660657697e-008
8.28814217523e-009	6.07238703765e-008
8.41969945861e-009	8.32085760294e-008
8.55125674199e-009	6.64680044338e-008
8.68281402536e-009	1.14337801449e-008
8.81437130874e-009	-6.0478107855e-008
8.94592859212e-009	-1.14717003896e-007
9.07748587549e-009	-1.19373453344e-007
9.20904315887e-009	-6.26051530617e-008
9.34060044225e-009	3.72920467839e-008
9.47215772562e-009	1.35974019599e-007
9.603715009e-009	1.8170217686e-007
9.73527229238e-009	1.41284075994e-007
9.86682957575e-009	2.0794361788e-008
9.99838685913e-009	-1.30838856194e-007
1.01299441425e-008	-2.40209857338e-007
1.02615014259e-008	-2.43754698204e-007
1.03930587093e-008	-1.22575144701e-007
1.05246159926e-008	8.05241455737e-008
1.0656173276e-008	2.73603205869e-007
1.07877305594e-008	3.55812403541e-007
1.09192878428e-008	2.68429033667e-007
1.10508451261e-008	3.15472945545e-008
1.11824024095e-008	-2.54880859529e-007
1.13139596929e-008	-4.5135544724e-007
1.14455169763e-008	-4.45313446562e-007
1.15770742596e-008	-2.12797317545e-007
1.1708631543e-008	1.57406674361e-007
1.18401888264e-008	4.94717255606e-007
1.19717461098e-008	6.23893868124e-007
1.21033033932e-008	4.54257701676e-007
1.22348606765e-008	3.63213032983e-008
1.23664179599e-008	-4.47365266609e-007
1.24979752433e-008	-7.60181194437e-007
1.26295325267e-008	-7.25929169221e-007
1.276108981e-008	-3.25062273987e-007
1.28926470934e-008	2.78794715314e-007
1.30242043768e-008	8.0301339267e-007
1.31557616602e-008	9.77292415882e-007
1.32873189435e-008	6.81647861711e-007
1.34188762269e-008	2.11526813843e-008
1.35504335103e-008	-7.06671130501e-007
1.36819907937e-008	-1.14494321224e-006
1.3813548077e-008	-1.05203025669e-006
1.39451053604e-008	-4.32435228959e-007
1.40766626438e-008	4.46104650109e-007
1.42082199272e-008	1.16699061437e-006
1.43397772106e-008	1.36259961891e-006
1.44713344939e-008	9.01565215372e-007
1.46028917773e-008	-2.99159914618e-008
1.47344490607e-008	-1.0009101743e-006
1.48660063441e-008	-1.53575206241e-006
1.49975636274e-008	-1.34819970299e-006
1.51291209108e-008	-4.93914797062e-007
1.52606781942e-008	6.39824065729e-007
1.53922354776e-008	1.5103264559e-006
1.55237927609e-008	1.68130281963e-006
1.56553500443e-008	1.0429946542e-006
1.57869073277e-008	-1.21218533877e-007
1.59184646111e-008	-1.26095005726e-006
1.60500218945e-008	-1.82152678008e-006
1.61815791778e-008	-1.51672168158e-006
1.63131364612e-008	-4.76024752061e-007
1.64446937446e-008	8.09992116046e-007
1.6576251028e-008	1.7235154246e-006
1.67078083113e-008	1.81991038062e-006
1.68393655947e-008	1.04685796032e-006
1.69709228781e-008	-2.27199279834e-007
1.71024801615e-008	-1.39092139761e-006
1.72340374448e-008	-1.88735282336e-006
1.73655947282e-008	-1.48416415868e-006
1.74971520116e-008	-3.83857468478e-007
1.7628709295e-008	8.79179651747e-007
1.77602665783e-008	1.7019299321e-006
1.78918238617e-008	1.70484872797e-006
1.80233811451e-008	9.09213099476e-007
1.81549384285e-008	-2.84409196638e-007
1.82864957119e-008	-1.3005285382e-006
1.84180529952e-008	-1.67044481714e-006
1.85496102786e-008	-1.25125552586e-006
1.8681167562e-008	-2.7834823868e-007
1.88127248454e-008	7.66285438658e-007
1.89442821287e-008	1.39645453601e-006
1.90758394121e-008	1.35120171763e-006
1.92073966955e-008	7.01348312759e-007
1.93389539789e-008	-2.09497329706e-007
1.94705112622e-008	-9.48284991864e-007
1.96020685456e-008	-1.20156153116e-006
1.9733625829e-008	-9.07710500542e-007
1.98651831124e-008	-2.5697147521e-007
1.99967403957e-008	4.25949082228e-007
2.01282976791e-008	8.46374518915e-007
2.02598549625e-008	8.66704681357e-007
2.03914122459e-008	5.41285544386e-007
2.05229695293e-008	5.77202818874e-008
2.06545268126e-008	-3.7039924905e-007
2.0786084096e-008	-5.98332462687e-007
2.09176413794e-008	-5.90267063671e-007
2.10491986628e-008	-3.99795709427e-007
2.11807559461e-008	-1.18756105394e-007
2.13123132295e-008	1.67835082721e-007
2.14438705129e-008	3.98294957904e-007
2.15754277963e-008	5.26322082806e-007
2.17069850796e-008	5.11266307512e-007
2.1838542363e-008	3.27334646499e-007
2.19700996464e-008	-7.53621520744e-009
2.21016569298e-008	-4.054389251e-007
2.22332142131e-008	-7.14971577054e-007
2.23647714965e-008	-7.75074454396e-007
2.24963287799e-008	-4.99371822116e-007
2.26278860633e-008	5.35004289759e-008
2.27594433467e-008	6.72073610986e-007
2.289100063e-008	1.06823586066e-006
2.30225579134e-008	1.01283058029e-006
2.31541151968e-008	4.65979155706e-007
2.32856724802e-008	-3.71181101855e-007
2.34172297635e-008	-1.12440250177e-006
2.35487870469e-008	-1.4147165075e-006
2.36803443303e-008	-1.05087337943e-006
2.38119016137e-008	-1.47105353676e-007
2.3943458897e-008	9.03462193946e-007
2.40750161804e-008	1.60032664098e-006
2.42065734638e-008	1.57681017754e-006
2.43381307472e-008	7.93243486896e-007
2.44696880305e-008	-4.19873629198e-007
2.46012453139e-008	-1.50097275764e-006
2.47328025973e-008	-1.92031347979e-006
2.48643598807e-008	-1.44200021168e-006
2.49959171641e-008	-2.54318422321e-007
2.51274744474e-008	1.10273890641e-006
2.52590317308e-008	1.98567863663e-006
2.53905890142e-008	1.95593588614e-006
2.55221462976e-008	9.9903706996e-007
2.56537035809e-008	-4.55630015495e-007
2.57852608643e-008	-1.72965428646e-006
2.59168181477e-008	-2.21549089474e-006
2.60483754311e-008	-1.66883796737e-006
2.61799327144e-008	-3.31549870225e-007
2.63114899978e-008	1.17672448141e-006
2.64430472812e-008	2.14891178985e-006
2.65746045646e-008	2.12521104004e-006
2.67061618479e-008	1.11221640964e-006
2.68377191313e-008	-4.18691229243e-007
2.69692764147e-008	-1.75322668383e-006
2.71008336981e-008	-2.27074269787e-006
2.72323909815e-008	-1.73532384906e-006
2.73639482648e-008	-4.03842875585e-007
2.74955055482e-008	1.09865027298e-006
2.76270628316e-008	2.07511084227e-006
2.7758620115e-008	2.08262895285e-006
2.78901773983e-008	1.13471708119e-006
2.80217346817e-008	-3.13186376388e-007
2.81532919651e-008	-1.58417969942e-006
2.82848492485e-008	-2.09885638469e-006
2.84164065318e-008	-1.64135508385e-006
2.85479638152e-008	-4.49551578185e-007
2.86795210986e-008	9.08008018996e-007
2.8811078382e-008	1.80494237156e-006
2.89426356654e-008	1.84799432645e-006
2.90741929487e-008	1.05013361917e-006
2.92057502321e-008	-1.9060495049e-007
2.93373075155e-008	-1.28960505208e-006
2.94688647989e-008	-1.75246645995e-006
2.96004220822e-008	-1.39849453262e-006
2.97319793656e-008	-4.2944333245e-007
2.9863536649e-008	6.81543326664e-007
2.99950939324e-008	1.42098906508e-006
3.01266512157e-008	1.47322020894e-006
3.02582084991e-008	8.54835889186e-007
3.03897657825e-008	-1.11524663282e-007
3.05213230659e-008	-9.63338834481e-007
3.06528803492e-008	-1.319476155e-006
3.07844376326e-008	-1.05074582279e-006
3.0915994916e-008	-3.23470487729e-007
3.10475521994e-008	4.96532379657e-007
3.11791094828e-008	1.02630178844e-006
3.13106667661e-008	1.04412242763e-006
3.14422240495e-008	5.81075028094e-007
3.15737813329e-008	-1.11341336151e-007
3.17053386163e-008	-6.94095831477e-007
3.18368958996e-008	-9.05087233605e-007
3.1968453183e-008	-6.76025535995e-007
3.21000104664e-008	-1.50093057982e-007
3.22315677498e-008	4.01035890718e-007
3.23631250331e-008	7.14783709554e-007
3.24946823165e-008	6.61150693304e-007
3.26262395999e-008	2.94715590599e-007
3.27577968833e-008	-1.84575100093e-007
3.28893541666e-008	-5.37056223493e-007
3.302091145e-008	-6.00787643634e-007
3.31524687334e-008	-3.64155482657e-007
3.32840260168e-008	3.80619695761e-008
3.34155833002e-008	3.98515737743e-007
3.35471405835e-008	5.41626434369e-007
3.36786978669e-008	4.06858418955e-007
3.38102551503e-008	7.23485129583e-008
3.39418124337e-008	-2.89251573804e-007
3.4073369717e-008	-4.98222959777e-007
3.42049270004e-008	-4.54870928479e-007
3.43364842838e-008	-1.8495562415e-007
3.44680415672e-008	1.76354021164e-007
3.45995988505e-008	4.5200272325e-007
3.47311561339e-008	5.08424022883e-007
3.48627134173e-008	3.18202069138e-007
3.49942707007e-008	-2.85275501e-008
3.5125827984e-008	-3.67815658819e-007
3.52573852674e-008	-5.39163636404e-007
3.53889425508e-008	-4.60081935216e-007
3.55204998342e-008	-1.63908822515e-007
3.56520571176e-008	2.15602511844e-007
3.57836144009e-008	5.05225045799e-007
3.59151716843e-008	5.70797851651e-007
3.60467289677e-008	3.78063958806e-007
3.61782862511e-008	8.83496653614e-009
3.63098435344e-008	-3.74503258627e-007
3.64414008178e-008	-6.00426574238e-007
3.65729581012e-008	-5.64324068364e-007
3.67045153846e-008	-2.75844115549e-007
3.68360726679e-008	1.43368311001e-007
3.69676299513e-008	5.11112261847e-007
3.70991872347e-008	6.6352305339e-007
3.72307445181e-008	5.27503175363e-007
3.73623018014e-008	1.5502773465e-007
3.74938590848e-008	-2.9648799682e-007
3.76254163682e-008	-6.30495947007e-007
3.77569736516e-008	-6.96586482718e-007
3.7888530935e-008	-4.57978330815e-007
3.80200882183e-008	-1.11077191889e-008
3.81516455017e-008	4.52870494883e-007
3.82832027851e-008	7.29636099095e-007
3.84147600685e-008	6.91729042046e-007
3.85463173518e-008	3.47421632796e-007
3.86778746352e-008	-1.58817272222e-007
3.88094319186e-008	-6.06539686032e-007
3.8940989202e-008	-7.95398648279e-007
3.90725464853e-008	-6.35283015527e-007
3.92041037687e-008	-1.89753436075e-007
3.93356610521e-008	3.48337096057e-007
3.94672183355e-008	7.40248310649e-007
3.95987756188e-008	8.07826722848e-007
3.97303329022e-008	5.15335500495e-007
3.98618901856e-008	-1.13081437547e-008
3.9993447469e-008	-5.38344352208e-007
4.01250047524e-008	-8.28294787425e-007
4.02565620357e-008	-7.47884996599e-007
4.03881193191e-008	-3.30342913912e-007
4.05196766025e-008	2.37527316926e-007
4.06512338859e-008	6.98941562405e-007
4.07827911692e-008	8.44009605316e-007
4.09143484526e-008	6.06358867117e-007
4.1045905736e-008	9.45054949852e-008
4.11774630194e-008	-4.57285921129e-007
4.13090203027e-008	-7.96596623331e-007
4.14405775861e-008	-7.69306893744e-007
4.15721348695e-008	-3.90751523582e-007
4.17036921529e-008	1.61799420084e-007
4.18352494363e-008	6.32018839042e-007
4.19668067196e-008	8.04041633273e-007
4.2098364003e-008	6.02605609856e-007
4.22299212864e-008	1.26871768202e-007
4.23614785698e-008	-3.97679912112e-007
4.24930358531e-008	-7.26188829958e-007
4.26245931365e-008	-7.09393873422e-007
4.27561504199e-008	-3.6235155676e-007
4.28877077033e-008	1.45173785882e-007
4.30192649866e-008	5.71258851778e-007
4.315082227e-008	7.17314321719e-007
4.32823795534e-008	5.21269157616e-007
4.34139368368e-008	8.44010088485e-008
4.35454941201e-008	-3.79991320187e-007
4.36770514035e-008	-6.50383469747e-007
4.38086086869e-008	-6.02866066401e-007
4.39401659703e-008	-2.68338567366e-007
4.40717232537e-008	1.8553755865e-007
4.4203280537e-008	5.37676328349e-007
4.43348378204e-008	6.20991272626e-007
4.44663951038e-008	4.01740464895e-007
4.45979523872e-008	-6.93439838884e-009
4.47295096705e-008	-4.02652887033e-007
4.48610669539e-008	-5.93487129663e-007
4.49926242373e-008	-4.90754530347e-007
4.51241815207e-008	-1.50120342823e-007
4.5255738804e-008	2.58015006693e-007
4.53872960874e-008	5.33289835403e-007
4.55188533708e-008	5.43287001165e-007
4.56504106542e-008	2.86860654342e-007
4.57819679375e-008	-1.07286354023e-007
4.59135252209e-008	-4.4505088681e-007
4.60450825043e-008	-5.62178342989e-007
4.61766397877e-008	-4.03667513638e-007
4.63081970711e-008	-4.91070828446e-008
4.64397543544e-008	3.27525981447e-007
4.65713116378e-008	5.43221062799e-007
4.67028689212e-008	4.94553660246e-007
4.68344262046e-008	2.06748410392e-007
4.69659834879e-008	-1.79882789553e-007
4.70975407713e-008	-4.78694744288e-007
4.72290980547e-008	-5.46820501768e-007
4.73606553381e-008	-3.53117115992e-007
4.74922126214e-008	8.21565837583e-009
4.76237699048e-008	3.64015761534e-007
4.77553271882e-008	5.45483544556e-007
4.78868844716e-008	4.6821247679e-007
4.80184417549e-008	1.71006405481e-007
4.81499990383e-008	-2.04169424478e-007
4.82815563217e-008	-4.80545850223e-007
4.84131136051e-008	-5.30081024408e-007
4.85446708885e-008	-3.32600393449e-007
4.86762281718e-008	1.66638187693e-008
4.88077854552e-008	3.53552735533e-007
4.89393427386e-008	5.22570360317e-007
4.9070900022e-008	4.48746334314e-007
4.92024573053e-008	1.70538925204e-007
4.93340145887e-008	-1.80458897603e-007
4.94655718721e-008	-4.42230430053e-007
4.95971291555e-008	-4.97382245612e-007
4.97286864388e-008	-3.25683004121e-007
4.98602437222e-008	-1.06701039115e-008
4.99918010056e-008	3.01296608995e-007
5.0123358289e-008	4.69342182896e-007
5.02549155723e-008	4.2175776116e-007
5.03864728557e-008	1.86276253089e-007
5.05180301391e-008	-1.25645271964e-007
5.06495874225e-008	-3.71788416942e-007
5.07811447059e-008	-4.44145058509e-007
5.09127019892e-008	-3.16182536153e-007
5.10442592726e-008	-5.18240739211e-008
5.1175816556e-008	2.26407195214e-007
5.13073738394e-008	3.94248445446e-007
5.14389311227e-008	3.81152972295e-007
5.15704884061e-008	1.99647047339e-007
5.17020456895e-008	-6.34353298778e-008
5.18336029729e-008	-2.88406710069e-007
5.19651602562e-008	-3.77114417915e-007
5.20967175396e-008	-2.95596521482e-007
5.2228274823e-008	-8.65974811859e-008
5.23598321064e-008	1.52390740027e-007
5.24913893897e-008	3.14438239002e-007
5.26229466731e-008	3.30867351295e-007
5.27545039565e-008	2.00150253704e-007
5.28860612399e-008	-1.40184175379e-008
5.30176185233e-008	-2.13425437323e-007
5.31491758066e-008	-3.10151847316e-007
5.328073309e-008	-2.65166931968e-007
