% time-domain voltage integration by openEMS v0.0.35 @Fri May 17 01:08:01 2019
% start-coordinates: (0.01885,-0.11546,0.01) m -> [140,46,35]
% stop-coordinates: (0.01885,-0.11546,0.023824) m -> [140,46,45]
% t/s	voltage
0	-0
1.31557283377e-010	1.31818602611e-006
2.63114566753e-010	1.42858121421e-006
3.9467185013e-010	7.12879293374e-007
5.26229133506e-010	-6.89698657297e-007
6.57786416883e-010	-2.26161853334e-006
7.89343700259e-010	-3.21713256568e-006
9.20900983636e-010	-2.68497446854e-006
1.05245826701e-009	-4.31008157165e-007
1.18401555039e-009	2.80860837165e-006
1.31557283377e-009	5.55125666324e-006
1.44713011714e-009	6.02383757098e-006
1.57868740052e-009	3.20513867536e-006
1.71024468389e-009	-2.33819724826e-006
1.84180196727e-009	-8.36170761431e-006
1.97335925065e-009	-1.15550051873e-005
2.10491653402e-009	-9.16624163949e-006
2.2364738174e-009	-8.0006295633e-007
2.36803110078e-009	1.06910246132e-005
2.49958838415e-009	1.98066744304e-005
2.63114566753e-009	2.06442227011e-005
2.76270295091e-009	1.01190327086e-005
2.89426023428e-009	-9.28354016594e-006
3.02581751766e-009	-2.93012604402e-005
3.15737480104e-009	-3.88295126754e-005
3.28893208441e-009	-2.94058001487e-005
3.42048936779e-009	-8.24337263339e-007
3.55204665117e-009	3.63676271036e-005
3.68360393454e-009	6.38190996369e-005
3.81516121792e-009	6.35477459809e-005
3.9467185013e-009	2.81389231418e-005
4.07827578467e-009	-3.22518287135e-005
4.20983306805e-009	-9.08733538836e-005
4.34139035143e-009	-0.000114948456712
4.4729476348e-009	-8.23460338779e-005
4.60450491818e-009	3.42402154274e-006
4.73606220156e-009	0.000108704108015
4.86761948493e-009	0.000180807616289
4.99917676831e-009	0.000172371854205
5.13073405168e-009	6.87302660936e-005
5.26229133506e-009	-9.62396356954e-005
5.39384861844e-009	-0.000247369789577
5.52540590181e-009	-0.000299823721889
5.65696318519e-009	-0.000203233884804
5.78852046857e-009	2.31975634222e-005
5.92007775194e-009	0.000285955993604
6.05163503532e-009	0.000451980588878
6.1831923187e-009	0.000412301834331
6.31474960207e-009	0.00014589230841
6.44630688545e-009	-0.000251069657224
6.57786416883e-009	-0.000593471389948
6.7094214522e-009	-0.000689153419444
6.84097873558e-009	-0.000440507687927
6.97253601896e-009	8.54625886859e-005
7.10409330233e-009	0.000662343853037
7.23565058571e-009	0.000995862919808
7.36720786909e-009	0.000868151721079
7.49876515246e-009	0.000266661161731
7.63032243584e-009	-0.000574043187044
7.76187971922e-009	-0.00125477881011
7.89343700259e-009	-0.00139521482197
8.02499428597e-009	-0.000837053441501
8.15655156934e-009	0.000237972224568
8.28810885272e-009	0.00135121033964
8.4196661361e-009	0.00193304391723
8.55122341947e-009	0.00160705090457
8.68278070285e-009	0.000413823019699
8.81433798623e-009	-0.00115204700705
8.9458952696e-009	-0.00233713553098
9.07745255298e-009	-0.00248547577212
9.20900983636e-009	-0.00139053442399
9.34056711973e-009	0.000541734666513
9.47212440311e-009	0.00242745696596
9.60368168649e-009	0.00330303701776
9.73523896986e-009	0.00261100094212
9.86679625324e-009	0.000531230698471
9.99835353662e-009	-0.00203128118665
1.012991082e-008	-0.00383285827411
1.02614681034e-008	-0.00389120780164
1.03930253867e-008	-0.00201129565539
1.05245826701e-008	0.00104095694951
1.06561399535e-008	0.00383964942739
1.07876972369e-008	0.00496333658521
1.09192545203e-008	0.00371443171025
1.10508118036e-008	0.00053029197079
1.1182369087e-008	-0.00314887971035
1.13139263704e-008	-0.00553022025269
1.14454836538e-008	-0.00534410531691
1.15770409371e-008	-0.00251672902959
1.17085982205e-008	0.00171568831865
1.18401555039e-008	0.00534493709711
1.19717127873e-008	0.00654898614448
1.21032700706e-008	0.004610716569
1.2234827354e-008	0.000331791849021
1.23663846374e-008	-0.00429279966193
1.24979419208e-008	-0.00701152822876
1.26294992041e-008	-0.00642169421189
1.27610564875e-008	-0.00269622296764
1.28926137709e-008	0.002446541479
1.30241710543e-008	0.00654171744827
1.31557283377e-008	0.00757131222053
1.3287285621e-008	0.00496868966729
1.34188429044e-008	-7.08948864485e-005
1.35504001878e-008	-0.0051436544818
1.36819574712e-008	-0.00779650856566
1.38135147545e-008	-0.00672712888627
1.39450720379e-008	-0.00243108000723
1.40766293213e-008	0.00302937758534
1.42081866047e-008	0.00702635133348
1.4339743888e-008	0.00764601244009
1.44713011714e-008	0.00461652591184
1.46028584548e-008	-0.000571312924876
1.47344157382e-008	-0.00540497184556
1.48659730215e-008	-0.00758080153901
1.49975303049e-008	-0.00611492664029
1.51290875883e-008	-0.0017924190106
1.52606448717e-008	0.00325233431795
1.53922021551e-008	0.00659966761305
1.55237594384e-008	0.00671756382508
1.56553167218e-008	0.0036688571854
1.57868740052e-008	-0.000976549070401
1.59184312886e-008	-0.00495366910036
1.60499885719e-008	-0.00641644833377
1.61815458553e-008	-0.00480101421999
1.63131031387e-008	-0.00103149861388
1.64446604221e-008	0.00299912330956
1.65762177054e-008	0.00538459556992
1.67077749888e-008	0.0051121856377
1.68393322722e-008	0.00248680572258
1.69708895556e-008	-0.00110138228047
1.71024468389e-008	-0.0039107329867
1.72340041223e-008	-0.00469628353312
1.73655614057e-008	-0.00325772057113
1.74971186891e-008	-0.00044840532064
1.76286759725e-008	0.00231499329675
1.77602332558e-008	0.00376593299006
1.78917905392e-008	0.00336527696345
1.80233478226e-008	0.00148121408711
1.8154905106e-008	-0.000874306519108
1.82864623893e-008	-0.00258247983584
1.84180196727e-008	-0.00294536192087
1.85495769561e-008	-0.00195742315555
1.86811342395e-008	-0.000223946542974
1.88126915228e-008	0.0013918960758
1.89442488062e-008	0.00219380803901
1.90758060896e-008	0.00194227341854
1.9207363373e-008	0.000895113509614
1.93389206564e-008	-0.000382370251828
1.94704779397e-008	-0.001314403984
1.96020352231e-008	-0.00156622151553
1.97335925065e-008	-0.0011449008598
1.98651497899e-008	-0.000333029416652
1.99967070732e-008	0.000481898488943
2.01282643566e-008	0.000985531616607
2.025982164e-008	0.00104417915281
2.03913789234e-008	0.000714401041478
2.05229362067e-008	0.000177659494057
2.06544934901e-008	-0.000351647853677
2.07860507735e-008	-0.00070166273872
2.09176080569e-008	-0.000782478824476
2.10491653402e-008	-0.00059305717059
2.11807226236e-008	-0.000208896974073
2.1312279907e-008	0.000240373683482
2.14438371904e-008	0.000602738495218
2.15753944738e-008	0.000746358333345
2.17069517571e-008	0.000606835441431
2.18385090405e-008	0.000221821472223
2.19700663239e-008	-0.000268527184744
2.21016236073e-008	-0.00066656859417
2.22331808906e-008	-0.000796966214693
2.2364738174e-008	-0.000588400813285
2.24962954574e-008	-0.000116459921628
2.26278527408e-008	0.0004192636261
2.27594100241e-008	0.0007798921215
2.28909673075e-008	0.00079728954006
2.30225245909e-008	0.000456572834082
2.31540818743e-008	-9.14253796509e-005
2.32856391576e-008	-0.000597166726948
2.3417196441e-008	-0.000828706517495
2.35487537244e-008	-0.000681444367729
2.36803110078e-008	-0.000227642412483
2.38118682912e-008	0.00031876513458
2.39434255745e-008	0.000704774765836
2.40749828579e-008	0.000758045818657
2.42065401413e-008	0.000465719986096
2.43380974247e-008	-2.45885480581e-005
2.4469654708e-008	-0.000479821377667
2.46012119914e-008	-0.000693923400831
2.47327692748e-008	-0.000582561568081
2.48643265582e-008	-0.000215899002797
2.49958838415e-008	0.000222936093905
2.51274411249e-008	0.000529814278707
2.52589984083e-008	0.000575457946979
2.53905556917e-008	0.000359763868801
2.5522112975e-008	1.958557732e-006
2.56536702584e-008	-0.000323991783262
2.57852275418e-008	-0.000474091481919
2.59167848252e-008	-0.000397820046601
2.60483421086e-008	-0.000152561311097
2.61798993919e-008	0.000133321766953
2.63114566753e-008	0.000326668494381
2.64430139587e-008	0.000351177937773
2.65745712421e-008	0.000216214163174
2.67061285254e-008	2.73571316711e-006
2.68376858088e-008	-0.000182449950444
2.69692430922e-008	-0.000259165200987
2.71008003756e-008	-0.000207708283597
2.72323576589e-008	-7.02871041085e-005
2.73639149423e-008	7.68150950989e-005
2.74954722257e-008	0.000163677068485
2.76270295091e-008	0.000159020500632
2.77585867924e-008	7.9897243495e-005
2.78901440758e-008	-2.31524603578e-005
2.80217013592e-008	-9.53350843247e-005
2.81532586426e-008	-0.000105269121377
2.8284815926e-008	-5.7684474541e-005
2.84163732093e-008	1.34723308918e-005
2.85479304927e-008	6.59749805436e-005
2.86794877761e-008	7.25834865989e-005
2.88110450595e-008	3.39986565336e-005
2.89426023428e-008	-2.47215033937e-005
2.90741596262e-008	-6.77411155721e-005
2.92057169096e-008	-6.92412711487e-005
2.9337274193e-008	-2.72967485557e-005
2.94688314763e-008	3.54878309281e-005
2.96003887597e-008	8.43920390707e-005
2.97319460431e-008	9.10220996957e-005
2.98635033265e-008	4.85059591711e-005
2.99950606098e-008	-2.4236941556e-005
3.01266178932e-008	-9.14958291105e-005
3.02581751766e-008	-0.000118376566434
3.038973246e-008	-8.84031903752e-005
3.05212897434e-008	-1.25379099245e-005
3.06528470267e-008	7.5141425441e-005
3.07844043101e-008	0.00013308045709
3.09159615935e-008	0.00013191313792
3.10475188769e-008	6.90228825988e-005
3.11790761602e-008	-2.91745615186e-005
3.13106334436e-008	-0.000118607766808
3.1442190727e-008	-0.000157532218964
3.15737480104e-008	-0.000125937094253
3.17053052937e-008	-3.55416112825e-005
3.18368625771e-008	7.45602972074e-005
3.19684198605e-008	0.000154973474309
3.20999771439e-008	0.000168267317804
3.22315344273e-008	0.00010640173673
3.23630917106e-008	-4.75228672059e-006
3.2494648994e-008	-0.000116273025014
3.26262062774e-008	-0.000177852325578
3.27577635608e-008	-0.000160643853178
3.28893208441e-008	-7.08352645233e-005
3.30208781275e-008	5.24280545733e-005
3.31524354109e-008	0.00015419347028
3.32839926943e-008	0.000188376438473
3.34155499776e-008	0.0001388235587
3.3547107261e-008	2.7043782211e-005
3.36786645444e-008	-9.71461565769e-005
3.38102218278e-008	-0.000177957799224
3.39417791111e-008	-0.000178878682163
3.40733363945e-008	-9.93652095076e-005
3.42048936779e-008	2.47620585583e-005
3.43364509613e-008	0.000137510946388
3.44680082447e-008	0.00018815326257
3.4599565528e-008	0.000154290859427
3.47311228114e-008	5.19329082636e-005
3.48626800948e-008	-7.20426762655e-005
3.49942373782e-008	-0.000161484132605
3.51257946615e-008	-0.000176600608029
3.52573519449e-008	-0.000111855672003
3.53889092283e-008	2.02549631112e-006
3.55204665117e-008	0.000112643177999
3.5652023795e-008	0.000170186509422
3.57835810784e-008	0.000150058346208
3.59151383618e-008	6.34825507859e-005
3.60466956452e-008	-4.85172868139e-005
3.61782529285e-008	-0.00013460931541
3.63098102119e-008	-0.00015681969262
3.64413674953e-008	-0.0001074015222
3.65729247787e-008	-1.13510213282e-005
3.67044820621e-008	8.61290666307e-005
3.68360393454e-008	0.000140966045819
3.69675966288e-008	0.000130250307166
3.70991539122e-008	6.18031026534e-005
3.72307111956e-008	-3.07136541551e-005
3.73622684789e-008	-0.000104301489955
3.74938257623e-008	-0.000126663312813
3.76253830457e-008	-9.04022035684e-005
3.77569403291e-008	-1.51376619897e-005
3.78884976124e-008	6.2854837779e-005
3.80200548958e-008	0.000108094808638
3.81516121792e-008	0.000102047069049
3.82831694626e-008	5.06170742938e-005
3.84147267459e-008	-1.99801224312e-005
3.85462840293e-008	-7.64286601225e-005
3.86778413127e-008	-9.39972480865e-005
3.88093985961e-008	-6.73268076525e-005
3.89409558795e-008	-1.16374696404e-005
3.90725131628e-008	4.56032722695e-005
3.92040704462e-008	7.81167382229e-005
3.93356277296e-008	7.28142210846e-005
3.9467185013e-008	3.49174260919e-005
3.95987422963e-008	-1.57211813985e-005
3.97302995797e-008	-5.4814583109e-005
3.98618568631e-008	-6.51883965475e-005
3.99934141465e-008	-4.42331089516e-005
4.01249714298e-008	-4.07231316046e-006
4.02565287132e-008	3.51344907585e-005
4.03880859966e-008	5.51609673494e-005
4.051964328e-008	4.80842230672e-005
4.06512005633e-008	1.92573355093e-005
4.07827578467e-008	-1.61288068625e-005
4.09143151301e-008	-4.08636622069e-005
4.10458724135e-008	-4.39609443674e-005
4.11774296969e-008	-2.54330161624e-005
4.13089869802e-008	4.42687932889e-006
4.14405442636e-008	3.05756781245e-005
4.1572101547e-008	4.06645594921e-005
4.17036588304e-008	3.07588230726e-005
4.18352161137e-008	6.74239927889e-006
4.19667733971e-008	-1.90215715179e-005
4.20983306805e-008	-3.39351924481e-005
4.22298879639e-008	-3.12101470286e-005
4.23614452472e-008	-1.28670543518e-005
4.24930025306e-008	1.15976139341e-005
4.2624559814e-008	3.00570369518e-005
4.27561170974e-008	3.36738542046e-005
4.28876743807e-008	2.10406400925e-005
4.30192316641e-008	-1.35500164689e-006
4.31507889475e-008	-2.24464828875e-005
4.32823462309e-008	-3.2000201486e-005
4.34139035143e-008	-2.55074592701e-005
4.35454607976e-008	-6.25057393222e-006
4.3677018081e-008	1.637790416e-005
4.38085753644e-008	3.14412862394e-005
4.39401326478e-008	3.17026359653e-005
4.40716899311e-008	1.70510952557e-005
4.42032472145e-008	-5.48707141945e-006
4.43348044979e-008	-2.51287485185e-005
4.44663617813e-008	-3.24773216676e-005
4.45979190646e-008	-2.39898092786e-005
4.4729476348e-008	-3.66065243185e-006
4.48610336314e-008	1.88734984476e-005
4.49925909148e-008	3.29025218093e-005
4.51241481982e-008	3.17301397104e-005
4.52557054815e-008	1.58614716952e-005
4.53872627649e-008	-7.21780854462e-006
4.55188200483e-008	-2.6580092765e-005
4.56503773317e-008	-3.30353176992e-005
4.5781934615e-008	-2.35065924699e-005
4.59134918984e-008	-2.50389146572e-006
4.60450491818e-008	2.00056204562e-005
4.61766064652e-008	3.33354672648e-005
4.63081637485e-008	3.11728886686e-005
4.64397210319e-008	1.45922137449e-005
4.65712783153e-008	-8.46141897171e-006
4.67028355987e-008	-2.69747205834e-005
4.6834392882e-008	-3.21447600413e-005
4.69659501654e-008	-2.15950711322e-005
4.70975074488e-008	-4.98482263467e-007
4.72290647322e-008	2.09371452229e-005
4.73606220156e-008	3.24144494925e-005
4.74921792989e-008	2.85180249193e-005
4.76237365823e-008	1.13088475473e-005
4.77552938657e-008	-1.07260520394e-005
4.78868511491e-008	-2.68426293246e-005
4.80184084324e-008	-2.92911191764e-005
4.81499657158e-008	-1.70737617964e-005
4.82815229992e-008	3.62315607561e-006
4.84130802826e-008	2.25285228908e-005
4.85446375659e-008	3.03744267853e-005
4.86761948493e-008	2.34583560541e-005
4.88077521327e-008	5.42237931711e-006
4.89393094161e-008	-1.46189149746e-005
4.90708666994e-008	-2.66569892347e-005
4.92024239828e-008	-2.47839989811e-005
4.93339812662e-008	-1.01106599573e-005
4.94655385496e-008	9.84194849707e-006
4.9597095833e-008	2.49619619126e-005
4.97286531163e-008	2.76500301197e-005
4.98602103997e-008	1.6638682439e-005
4.99917676831e-008	-2.39515900802e-006
5.01233249665e-008	-1.97276041263e-005
5.02548822498e-008	-2.65270685418e-005
5.03864395332e-008	-1.93355360238e-005
5.05179968166e-008	-1.82446692065e-006
5.06495541e-008	1.70683816805e-005
5.07811113833e-008	2.76784992934e-005
5.09126686667e-008	2.45346319048e-005
5.10442259501e-008	9.16144608709e-006
5.11757832335e-008	-1.06662898816e-005
5.13073405168e-008	-2.48505376703e-005
5.14388978002e-008	-2.60976773347e-005
5.15704550836e-008	-1.36472935992e-005
5.1702012367e-008	6.29864140933e-006
5.18335696504e-008	2.36775254052e-005
5.19651269337e-008	2.96427334092e-005
5.20966842171e-008	2.10546841117e-005
5.22282415005e-008	2.10751091245e-006
5.23597987839e-008	-1.77422534193e-005
5.24913560672e-008	-2.85126811832e-005
5.26229133506e-008	-2.47205724122e-005
5.2754470634e-008	-8.16049592345e-006
5.28860279174e-008	1.29662935819e-005
5.30175852007e-008	2.81409493823e-005
5.31491424841e-008	2.97843258181e-005
5.32806997675e-008	1.70464826397e-005
