% time-domain voltage integration by openEMS v0.0.35 @Fri May 17 01:08:01 2019
% start-coordinates: (-0.01885,-0.11546,-0.023824) m -> [93,46,24]
% stop-coordinates: (-0.01885,-0.11546,-0.01) m -> [93,46,30]
% t/s	voltage
0	0
1.31557283377e-010	0
2.63114566753e-010	0
3.9467185013e-010	1.09427156164e-019
5.26229133506e-010	1.58293855657e-012
6.57786416883e-010	4.69201062551e-010
7.89343700259e-010	8.84674413587e-010
9.20900983636e-010	8.25175587582e-010
1.05245826701e-009	1.1197104962e-010
1.18401555039e-009	-1.05084725123e-009
1.31557283377e-009	-1.84724785815e-009
1.44713011714e-009	-1.34652280992e-009
1.57868740052e-009	5.94070126425e-010
1.71024468389e-009	3.32227231836e-009
1.84180196727e-009	5.58197973954e-009
1.97335925065e-009	5.88257602352e-009
2.10491653402e-009	3.40348434158e-009
2.2364738174e-009	-1.98809877588e-009
2.36803110078e-009	-8.96550497731e-009
2.49958838415e-009	-1.35416568514e-008
2.63114566753e-009	-1.18702742913e-008
2.76270295091e-009	-2.58291035088e-009
2.89426023428e-009	1.20036756368e-008
3.02581751766e-009	2.61192276141e-008
3.15737480104e-009	3.05118434962e-008
3.28893208441e-009	1.88187149197e-008
3.42048936779e-009	-8.06772898487e-009
3.55204665117e-009	-3.9656571027e-008
3.68360393454e-009	-5.93472944121e-008
3.81516121792e-009	-5.20711512797e-008
3.9467185013e-009	-1.31397680792e-008
4.07827578467e-009	4.5557675965e-008
4.20983306805e-009	9.76609215719e-008
4.34139035143e-009	1.12422142928e-007
4.4729476348e-009	6.90342618626e-008
4.60450491818e-009	-2.71941228425e-008
4.73606220156e-009	-1.38382260317e-007
4.86761948493e-009	-2.06284179516e-007
4.99917676831e-009	-1.79306796522e-007
5.13073405168e-009	-4.50256482099e-008
5.26229133506e-009	1.53290096172e-007
5.39384861844e-009	3.23806995439e-007
5.52540590181e-009	3.63390052271e-007
5.65696318519e-009	2.13796973014e-007
5.78852046857e-009	-9.47126064244e-008
5.92007775194e-009	-4.35301402923e-007
6.05163503532e-009	-6.28999988095e-007
6.1831923187e-009	-5.30431710999e-007
6.31474960207e-009	-1.17443603065e-007
6.44630688545e-009	4.65458361631e-007
6.57786416883e-009	9.43853063262e-007
6.7094214522e-009	1.031611367e-006
6.84097873558e-009	5.83513580565e-007
6.97253601896e-009	-2.88848445607e-007
7.10409330233e-009	-1.21555088128e-006
7.23565058571e-009	-1.70900813501e-006
7.36720786909e-009	-1.40194659082e-006
7.49876515246e-009	-2.74638338738e-007
7.63032243584e-009	1.25485752278e-006
7.76187971922e-009	2.45795699527e-006
7.89343700259e-009	2.61972435567e-006
8.02499428597e-009	1.42669953362e-006
8.15655156934e-009	-7.77085292114e-007
8.28810885272e-009	-3.0343522468e-006
8.4196661361e-009	-4.15894268713e-006
8.55122341947e-009	-3.32327361008e-006
8.68278070285e-009	-5.73351879751e-007
8.81433798623e-009	3.02100252014e-006
8.9458952696e-009	5.73315047347e-006
9.07745255298e-009	5.96785517359e-006
9.20900983636e-009	3.1322785361e-006
9.34056711973e-009	-1.86024583471e-006
9.47212440311e-009	-6.79402089077e-006
9.60368168649e-009	-9.08278298084e-006
9.73523896986e-009	-7.066145713e-006
9.86679625324e-009	-1.04578305482e-006
9.99835353662e-009	6.53432798003e-006
1.012991082e-008	1.20053703654e-005
1.02614681034e-008	1.21885800297e-005
1.03930253867e-008	6.13638404445e-006
1.05245826701e-008	-4.01470978773e-006
1.06561399535e-008	-1.36704803992e-005
1.07876972369e-008	-1.77885665948e-005
1.09192545203e-008	-1.34296753345e-005
1.10508118036e-008	-1.59328117988e-006
1.1182369087e-008	1.27278289312e-005
1.13139263704e-008	2.25601863804e-005
1.14454836538e-008	2.22724304422e-005
1.15770409371e-008	1.065979788e-005
1.17085982205e-008	-7.84585753877e-006
1.18401555039e-008	-2.47194155349e-005
1.19717127873e-008	-3.11965041533e-005
1.21032700706e-008	-2.27348971293e-005
1.2234827354e-008	-1.84953140803e-006
1.23663846374e-008	2.23395793455e-005
1.24979419208e-008	3.80012317009e-005
1.26294992041e-008	3.63166591342e-005
1.27610564875e-008	1.62944668887e-005
1.28926137709e-008	-1.38963416134e-005
1.30241710543e-008	-4.01279303333e-005
1.31557283377e-008	-4.88771532901e-005
1.3287285621e-008	-3.41279375675e-005
1.34188429044e-008	-1.11620564169e-006
1.35504001878e-008	3.52911566779e-005
1.36819574712e-008	5.72448113871e-005
1.38135147545e-008	5.26447345237e-005
1.39450720379e-008	2.16928395389e-005
1.40766293213e-008	-2.22404078727e-005
1.42081866047e-008	-5.83250493946e-005
1.4339743888e-008	-6.81621451122e-005
1.44713011714e-008	-4.51554991514e-005
1.46028584548e-008	1.40938627879e-006
1.47344157382e-008	4.99933943274e-005
1.48659730215e-008	7.67989808992e-005
1.49975303049e-008	6.74836541066e-005
1.51290875883e-008	2.47984485213e-005
1.52606448717e-008	-3.19096434964e-005
1.53922021551e-008	-7.54984391733e-005
1.55237594384e-008	-8.41235544158e-005
1.56553167218e-008	-5.22589742786e-005
1.57868740052e-008	5.9532929555e-006
1.59184312886e-008	6.29955299019e-005
1.60499885719e-008	9.11082065613e-005
1.61815458553e-008	7.59389461109e-005
1.63131031387e-008	2.39261012212e-005
1.64446604221e-008	-4.04141133004e-005
1.65762177054e-008	-8.6172932015e-005
1.67077749888e-008	-9.10783317067e-005
1.68393322722e-008	-5.24717597727e-005
1.69708895556e-008	1.12480068424e-005
1.71024468389e-008	6.95060490443e-005
1.72340041223e-008	9.44192145198e-005
1.73655614057e-008	7.43258294733e-005
1.74971186891e-008	1.93186928072e-005
1.76286759725e-008	-4.38862174406e-005
1.77602332558e-008	-8.51109803079e-005
1.78917905392e-008	-8.53350852594e-005
1.80233478226e-008	-4.55844098042e-005
1.8154905106e-008	1.41261295425e-005
1.82864623893e-008	6.50054117841e-005
1.84180196727e-008	8.35809730688e-005
1.85495769561e-008	6.26688838565e-005
1.86811342395e-008	1.40176310879e-005
1.88126915228e-008	-3.82668220027e-005
1.89442488062e-008	-6.98461158208e-005
1.90758060896e-008	-6.76369727444e-005
1.9207363373e-008	-3.51568152155e-005
1.93389206564e-008	1.04157341241e-005
1.94704779397e-008	4.74088426472e-005
1.96020352231e-008	6.01214900371e-005
1.97335925065e-008	4.54504840945e-005
1.98651497899e-008	1.29021376551e-005
1.99967070732e-008	-2.12768118786e-005
2.01282643566e-008	-4.23327261387e-005
2.025982164e-008	-4.33687517898e-005
2.03913789234e-008	-2.70970974725e-005
2.05229362067e-008	-2.9046152008e-006
2.06544934901e-008	1.85165434345e-005
2.07860507735e-008	2.99203779832e-005
2.09176080569e-008	2.95158505992e-005
2.10491653402e-008	1.99896302888e-005
2.11807226236e-008	5.94153551958e-006
2.1312279907e-008	-8.37605948334e-006
2.14438371904e-008	-1.98860520868e-005
2.15753944738e-008	-2.62853430968e-005
2.17069517571e-008	-2.55492656152e-005
2.18385090405e-008	-1.63852276103e-005
2.19700663239e-008	3.25267269563e-007
2.21016236073e-008	2.02067260489e-005
2.22331808906e-008	3.57022502158e-005
2.2364738174e-008	3.87555888892e-005
2.24962954574e-008	2.50270163065e-005
2.26278527408e-008	-2.58115419882e-006
2.27594100241e-008	-3.35179864237e-005
2.28909673075e-008	-5.33798059905e-005
2.30225245909e-008	-5.06864587351e-005
2.31540818743e-008	-2.34066674807e-005
2.32856391576e-008	1.84366316489e-005
2.3417196441e-008	5.61433542998e-005
2.35487537244e-008	7.0747263635e-005
2.36803110078e-008	5.26446500544e-005
2.38118682912e-008	7.50205764177e-006
2.39434255745e-008	-4.50501388514e-005
2.40749828579e-008	-7.99792849193e-005
2.42065401413e-008	-7.89123894265e-005
2.43380974247e-008	-3.98132691544e-005
2.4469654708e-008	2.08334939202e-005
2.46012119914e-008	7.49568985157e-005
2.47327692748e-008	9.60394049798e-005
2.48643265582e-008	7.2231600825e-005
2.49958838415e-008	1.28950681528e-005
2.51274411249e-008	-5.49950843833e-005
2.52589984083e-008	-9.92481229787e-005
2.53905556917e-008	-9.78862597094e-005
2.5522112975e-008	-5.0125933285e-005
2.56536702584e-008	2.26044735996e-005
2.57852275418e-008	8.63866969212e-005
2.59167848252e-008	0.00011080555214
2.60483421086e-008	8.35858877508e-005
2.61798993919e-008	1.6766941485e-005
2.63114566753e-008	-5.86903955764e-005
2.64430139587e-008	-0.000107411630779
2.65745712421e-008	-0.000106353892079
2.67061285254e-008	-5.57868175974e-005
2.68376858088e-008	2.07586948591e-005
2.69692430922e-008	8.75674390954e-005
2.71008003756e-008	0.000113567697554
2.72323576589e-008	8.69050270467e-005
2.73639149423e-008	2.03730077146e-005
2.74954722257e-008	-5.47940325077e-005
2.76270295091e-008	-0.00010372235829
2.77585867924e-008	-0.000104216207092
2.78901440758e-008	-5.68964729837e-005
2.80217013592e-008	1.54988226484e-005
2.81532586426e-008	7.91222007592e-005
2.8284815926e-008	0.000104967030211
2.84163732093e-008	8.21880037165e-005
2.85479304927e-008	2.26353957373e-005
2.86794877761e-008	-4.5278389166e-005
2.88110450595e-008	-9.02150550246e-005
2.89426023428e-008	-9.24682758523e-005
2.90741596262e-008	-5.26400881427e-005
2.92057169096e-008	9.39566018587e-006
2.9337274193e-008	6.44055724024e-005
2.94688314763e-008	8.7639246658e-005
2.96003887597e-008	7.00192049408e-005
2.97319460431e-008	2.15980090843e-005
2.98635033265e-008	-3.39787087e-005
2.99950606098e-008	-7.10211420483e-005
3.01266178932e-008	-7.37111929539e-005
3.02581751766e-008	-4.28427006227e-005
3.038973246e-008	5.47353859304e-006
3.05212897434e-008	4.81088773086e-005
3.06528470267e-008	6.59833133341e-005
3.07844043101e-008	5.26050506551e-005
3.09159615935e-008	1.62645344517e-005
3.10475188769e-008	-2.47552445103e-005
3.11790761602e-008	-5.12938860311e-005
3.13106334436e-008	-5.22405201764e-005
3.1442190727e-008	-2.91233967005e-005
3.15737480104e-008	5.49667910832e-006
3.17053052937e-008	3.46655647832e-005
3.18368625771e-008	4.52612739537e-005
3.19684198605e-008	3.38468338441e-005
3.20999771439e-008	7.5645499038e-006
3.22315344273e-008	-2.00062650606e-005
3.23630917106e-008	-3.57273999043e-005
3.2494648994e-008	-3.30816191649e-005
3.26262062774e-008	-1.47811736326e-005
3.27577635608e-008	9.18509860526e-006
3.28893208441e-008	2.68309124181e-005
3.30208781275e-008	3.00473631683e-005
3.31524354109e-008	1.82390711529e-005
3.32839926943e-008	-1.86530816393e-006
3.34155499776e-008	-1.98998480982e-005
3.3547107261e-008	-2.70785660632e-005
3.36786645444e-008	-2.03627522524e-005
3.38102218278e-008	-3.64867603508e-006
3.39417791111e-008	1.44356227167e-005
3.40733363945e-008	2.49011320648e-005
3.42048936779e-008	2.27543342817e-005
3.43364509613e-008	9.27319288735e-006
3.44680082447e-008	-8.79045788338e-006
3.4599565528e-008	-2.25841803285e-005
3.47311228114e-008	-2.54238719322e-005
3.48626800948e-008	-1.59297986215e-005
3.49942373782e-008	1.39914406105e-006
3.51257946615e-008	1.83688479751e-005
3.52573519449e-008	2.6951903692e-005
3.53889092283e-008	2.30165442758e-005
3.55204665117e-008	8.22118826704e-006
3.5652023795e-008	-1.07526767863e-005
3.57835810784e-008	-2.52446646414e-005
3.59151383618e-008	-2.85421163539e-005
3.60466956452e-008	-1.89239161159e-005
3.61782529285e-008	-4.72334669155e-007
3.63098102119e-008	1.86980913099e-005
3.64413674953e-008	3.00102291817e-005
3.65729247787e-008	2.82268937326e-005
3.67044820621e-008	1.38210257887e-005
3.68360393454e-008	-7.13340875791e-006
3.69675966288e-008	-2.552986615e-005
3.70991539122e-008	-3.31717704398e-005
3.72307111956e-008	-2.63954627258e-005
3.73622684789e-008	-7.78865262419e-006
3.74938257623e-008	1.47859555852e-005
3.76253830457e-008	3.15025055784e-005
3.77569403291e-008	3.48342595089e-005
3.78884976124e-008	2.2930457078e-005
3.80200548958e-008	6.00771793202e-007
3.81516121792e-008	-2.26041707947e-005
3.82831694626e-008	-3.64667560007e-005
3.84147267459e-008	-3.46038638099e-005
3.85462840293e-008	-1.74146891823e-005
3.86778413127e-008	7.88965125764e-006
3.88093985961e-008	3.02912043253e-005
3.89409558795e-008	3.97667404286e-005
3.90725131628e-008	3.17963898055e-005
3.92040704462e-008	9.54203716219e-006
3.93356277296e-008	-1.73644351662e-005
3.9467185013e-008	-3.69861324998e-005
3.95987422963e-008	-4.04041692263e-005
3.97302995797e-008	-2.58140538563e-005
3.98618568631e-008	5.0439655741e-007
3.99934141465e-008	2.68702485755e-005
4.01249714298e-008	4.14038005374e-005
4.02565287132e-008	3.74252025495e-005
4.03880859966e-008	1.65765429188e-005
4.051964328e-008	-1.18154732149e-005
4.06512005633e-008	-3.49127838035e-005
4.07827578467e-008	-4.22090282655e-005
4.09143151301e-008	-3.03657536165e-005
4.10458724135e-008	-4.79061354497e-006
4.11774296969e-008	2.28116583116e-005
4.13089869802e-008	3.98143329221e-005
4.14405442636e-008	3.8494245473e-005
4.1572101547e-008	1.95974392909e-005
4.17036588304e-008	-8.02705177705e-006
4.18352161137e-008	-3.15642607234e-005
4.19667733971e-008	-4.0208538735e-005
4.20983306805e-008	-3.01765180097e-005
4.22298879639e-008	-6.40760168835e-006
4.23614452472e-008	1.98323157292e-005
4.24930025306e-008	3.62940804735e-005
4.2624559814e-008	3.54973221874e-005
4.27561170974e-008	1.81745052714e-005
4.28876743807e-008	-7.19975463426e-006
4.30192316641e-008	-2.85297404048e-005
4.31507889475e-008	-3.58733543635e-005
4.32823462309e-008	-2.61074160335e-005
4.34139035143e-008	-4.27871086117e-006
4.35454607976e-008	1.89543290503e-005
4.3677018081e-008	3.25084803308e-005
4.38085753644e-008	3.0171344406e-005
4.39401326478e-008	1.34693317477e-005
4.40716899311e-008	-9.22573437379e-006
4.42032472145e-008	-2.68583611955e-005
4.43348044979e-008	-3.10612458065e-005
4.44663617813e-008	-2.01292300517e-005
4.45979190646e-008	2.95095010205e-007
4.4729476348e-008	2.00966842385e-005
4.48610336314e-008	2.96709858389e-005
4.49925909148e-008	2.45676937425e-005
4.51241481982e-008	7.55398816921e-006
4.52557054815e-008	-1.2858449935e-005
4.53872627649e-008	-2.66481864628e-005
4.55188200483e-008	-2.71813353834e-005
4.56503773317e-008	-1.43842879083e-005
4.5781934615e-008	5.31933834225e-006
4.59134918984e-008	2.22257583005e-005
4.60450491818e-008	2.81129364907e-005
4.61766064652e-008	2.02156537057e-005
4.63081637485e-008	2.49969996702e-006
4.64397210319e-008	-1.63415659813e-005
4.65712783153e-008	-2.71525714197e-005
4.67028355987e-008	-2.47491121286e-005
4.6834392882e-008	-1.03779592848e-005
4.69659501654e-008	8.95432907555e-006
4.70975074488e-008	2.39147802858e-005
4.72290647322e-008	2.73501805168e-005
4.73606220156e-008	1.76893071853e-005
4.74921792989e-008	-3.69337909589e-007
4.76237365823e-008	-1.81711972687e-005
4.77552938657e-008	-2.72703150586e-005
4.78868511491e-008	-2.34339217968e-005
4.80184084324e-008	-8.58935140968e-006
4.81499657158e-008	1.01723107377e-005
4.82815229992e-008	2.40109272909e-005
4.84130802826e-008	2.65147858727e-005
4.85446375659e-008	1.66623895836e-005
4.86761948493e-008	-7.94633869816e-007
4.88077521327e-008	-1.76508707455e-005
4.89393094161e-008	-2.61256676026e-005
4.90708666994e-008	-2.24592008067e-005
4.92024239828e-008	-8.56299097052e-006
4.93339812662e-008	8.98953123851e-006
4.94655385496e-008	2.2095903887e-005
4.9597095833e-008	2.48779828667e-005
4.97286531163e-008	1.63128855206e-005
4.98602103997e-008	5.68603100604e-007
4.99917676831e-008	-1.50393665876e-005
5.01233249665e-008	-2.34624444033e-005
5.02548822498e-008	-2.1105554481e-005
5.03864395332e-008	-9.34526352125e-006
5.05179968166e-008	6.25144127753e-006
5.06495541e-008	1.85729347209e-005
5.07811113833e-008	2.22119970203e-005
5.09126686667e-008	1.58323386188e-005
5.10442259501e-008	2.62204731172e-006
5.11757832335e-008	-1.12957404781e-005
5.13073405168e-008	-1.97046718995e-005
5.14388978002e-008	-1.90696386539e-005
5.15704550836e-008	-1.00081905146e-005
5.1702012367e-008	3.14385948741e-006
5.18335696504e-008	1.44026714679e-005
5.19651269337e-008	1.88557043543e-005
5.20966842171e-008	1.47969157638e-005
5.22282415005e-008	4.35606814619e-006
5.23597987839e-008	-7.59599267042e-006
5.24913560672e-008	-1.57112359034e-005
5.26229133506e-008	-1.65498448723e-005
5.2754470634e-008	-1.00278015509e-005
5.28860279174e-008	6.76108635744e-007
5.30175852007e-008	1.06529473953e-005
5.31491424841e-008	1.55036489673e-005
5.32806997675e-008	1.32701147209e-005
