% time-domain current integration by openEMS v0.0.35 @Thu May 23 14:02:40 2019
% start-coordinates: (0.0185,-0.116,0.01615) m -> [100,27,26]
% stop-coordinates: (0.01885,-0.11546,0.01615) m -> [101,28,26]
% t/s	current
6.95208506598e-014	0
1.31602970299e-010	2.60874966074e-008
2.63136419747e-010	3.95570793899e-008
3.94669869196e-010	3.66965124954e-008
5.26203318644e-010	9.54652534801e-009
6.57736768093e-010	-2.91550925624e-008
7.89270217541e-010	-6.01599907668e-008
9.20803666989e-010	-6.53054286204e-008
1.05233711644e-009	-3.29149543177e-008
1.18387056589e-009	3.36620757935e-008
1.31540401533e-009	1.05500006953e-007
1.44693746478e-009	1.4367023482e-007
1.57847091423e-009	1.10744878157e-007
1.71000436368e-009	-5.2076071233e-010
1.84153781313e-009	-1.52943499643e-007
1.97307126258e-009	-2.70922669188e-007
2.10460471202e-009	-2.75607817457e-007
2.23613816147e-009	-1.2350969314e-007
2.36767161092e-009	1.49070729094e-007
2.49920506037e-009	4.22973243985e-007
2.63073850982e-009	5.39749066775e-007
2.76227195927e-009	3.85889279642e-007
2.89380540871e-009	-3.32504086487e-008
3.02533885816e-009	-5.61710066904e-007
3.15687230761e-009	-9.33927708502e-007
3.28840575706e-009	-8.95685616342e-007
3.41993920651e-009	-3.48325102095e-007
3.55147265596e-009	5.50516062958e-007
3.6830061054e-009	1.3995891095e-006
3.81453955485e-009	1.71074884747e-006
3.9460730043e-009	1.15909267606e-006
4.07760645375e-009	-1.86455622497e-007
4.2091399032e-009	-1.79460607796e-006
4.34067335265e-009	-2.84444877252e-006
4.4722068021e-009	-2.6069985779e-006
4.60374025154e-009	-8.77538695931e-007
4.73527370099e-009	1.77464517037e-006
4.86680715044e-009	4.12502549807e-006
4.99834059989e-009	4.80870539832e-006
5.12987404934e-009	3.04297236653e-006
5.26140749879e-009	-7.99896156423e-007
5.39294094823e-009	-5.12128872288e-006
5.52447439768e-009	-7.68406971474e-006
5.65600784713e-009	-6.69189557811e-006
5.78754129658e-009	-1.87382238437e-006
5.91907474603e-009	5.02346301801e-006
6.05060819548e-009	1.07388768811e-005
6.18214164492e-009	1.19408450701e-005
6.31367509437e-009	7.02354418536e-006
6.44520854382e-009	-2.65863309323e-006
6.57674199327e-009	-1.29086238303e-005
6.70827544272e-009	-1.83727643162e-005
6.83980889217e-009	-1.5191923012e-005
6.97134234161e-009	-3.37045958076e-006
7.10287579106e-009	1.2477979908e-005
7.23440924051e-009	2.47245188802e-005
7.36594268996e-009	2.62379471678e-005
7.49747613941e-009	1.4279385141e-005
7.62900958886e-009	-7.25273639546e-006
7.7605430383e-009	-2.87239472527e-005
7.89207648775e-009	-3.88787702832e-005
8.0236099372e-009	-3.05193971144e-005
8.15514338665e-009	-4.97693963553e-006
8.2866768361e-009	2.72049874184e-005
8.41821028555e-009	5.03481169289e-005
8.54974373499e-009	5.10667232447e-005
8.68127718444e-009	2.56256716966e-005
8.81281063389e-009	-1.66717109096e-005
8.94434408334e-009	-5.64398287679e-005
9.07587753279e-009	-7.2869413998e-005
9.20741098224e-009	-5.43400929018e-005
9.33894443168e-009	-5.68946961721e-006
9.47047788113e-009	5.21172551089e-005
9.60201133058e-009	9.07378416741e-005
9.73354478003e-009	8.81370215211e-005
9.86507822948e-009	4.06925428251e-005
9.99661167893e-009	-3.27563175233e-005
1.01281451284e-008	-9.79662072496e-005
1.02596785778e-008	-0.000121073273476
1.03912120273e-008	-8.59216161189e-005
1.05227454767e-008	-4.1687421799e-006
1.06542789262e-008	8.77871789271e-005
1.07858123756e-008	0.000144821417052
1.09173458251e-008	0.000135101872729
1.10488792745e-008	5.7420682424e-005
1.1180412724e-008	-5.54444486625e-005
1.13119461734e-008	-0.000150293810293
1.14434796229e-008	-0.000178544898517
1.15750130723e-008	-0.000120982032968
1.17065465218e-008	3.50643318825e-007
1.18380799712e-008	0.000130109328893
1.19696134207e-008	0.000204898940865
1.21011468701e-008	0.000184298973181
1.22326803195e-008	7.24473648006e-005
1.2364213769e-008	-8.12582002254e-005
1.24957472184e-008	-0.000203964562388
1.26272806679e-008	-0.000234071078012
1.27588141173e-008	-0.00015221835929
1.28903475668e-008	7.07608160155e-006
1.30218810162e-008	0.000169871229446
1.31534144657e-008	0.000257363484707
1.32849479151e-008	0.00022429152159
1.34164813646e-008	8.23384907562e-005
1.3548014814e-008	-0.000103582700831
1.36795482635e-008	-0.000245253293542
1.38110817129e-008	-0.000273379817372
1.39426151624e-008	-0.00017173543165
1.40741486118e-008	1.37319966598e-005
1.42056820613e-008	0.000195854139747
1.43372155107e-008	0.000287618400762
1.44687489602e-008	0.000244132490479
1.46002824096e-008	8.47536866786e-005
1.47318158591e-008	-0.000115608767373
1.48633493085e-008	-0.000262069195742
1.4994882758e-008	-0.000285152957076
1.51264162074e-008	-0.000174069849891
1.52579496569e-008	1.82063649845e-005
1.53894831063e-008	0.000200456663151
1.55210165558e-008	0.00028691807529
1.56525500052e-008	0.000238031585468
1.57840834547e-008	7.86988093751e-005
1.59156169041e-008	-0.000114443158964
1.60471503536e-008	-0.000250197423156
1.6178683803e-008	-0.00026625112514
1.63102172524e-008	-0.000158018694492
1.64417507019e-008	2.05710875889e-005
1.65732841513e-008	0.000184055272257
1.67048176008e-008	0.000256629282376
1.68363510502e-008	0.000207559263799
1.69678844997e-008	6.41610167804e-005
1.70994179491e-008	-0.000103100152046
1.72309513986e-008	-0.000215357562411
1.7362484848e-008	-0.000222746748477
1.74940182975e-008	-0.000126626968267
1.76255517469e-008	2.32968868659e-005
1.77570851964e-008	0.000154535693582
1.78886186458e-008	0.000206958327908
1.80201520953e-008	0.000160434850841
1.81516855447e-008	4.22382072429e-005
1.82832189942e-008	-8.83078682818e-005
1.84147524436e-008	-0.000169511375134
1.85462858931e-008	-0.000166499899933
1.86778193425e-008	-8.60926375026e-005
1.8809352792e-008	2.89200233965e-005
1.89408862414e-008	0.000122208337416
1.90724196909e-008	0.000151409272803
1.92039531403e-008	0.000107305611891
1.93354865898e-008	1.60268355103e-005
1.94670200392e-008	-7.57404995966e-005
1.95985534887e-008	-0.000124400801724
1.97300869381e-008	-0.00011006026034
1.98616203876e-008	-4.43994795205e-005
1.9993153837e-008	3.71589630959e-005
2.01246872865e-008	9.41833859542e-005
2.02562207359e-008	0.00010109996947
2.03877541853e-008	5.84936788073e-005
2.05192876348e-008	-9.06380955712e-006
2.06508210842e-008	-6.67009953759e-005
2.07823545337e-008	-8.70006333571e-005
2.09138879831e-008	-6.28713605693e-005
2.10454214326e-008	-9.56710027822e-006
2.1176954882e-008	4.44046636403e-005
2.13084883315e-008	7.22662880435e-005
2.14400217809e-008	6.20689534117e-005
2.15715552304e-008	2.15734853555e-005
2.17030886798e-008	-2.69492065854e-005
2.18346221293e-008	-5.8750352764e-005
2.19661555787e-008	-5.90568379266e-005
2.20976890282e-008	-2.97456663247e-005
2.22292224776e-008	1.26861414174e-005
2.23607559271e-008	4.62711905129e-005
2.24922893765e-008	5.48310417798e-005
2.2623822826e-008	3.56242053385e-005
2.27553562754e-008	-1.66928288081e-007
2.28868897249e-008	-3.38660684065e-005
2.30184231743e-008	-4.90050515509e-005
2.31499566238e-008	-3.92814763472e-005
2.32814900732e-008	-1.09733246063e-005
2.34130235227e-008	2.0984602088e-005
2.35445569721e-008	4.08819796576e-005
2.36760904216e-008	3.99216623919e-005
2.3807623871e-008	1.99780861294e-005
2.39391573205e-008	-8.10188430478e-006
2.40706907699e-008	-3.03976230498e-005
2.42022242194e-008	-3.6816818465e-005
2.43337576688e-008	-2.55879949691e-005
2.44652911182e-008	-3.39460302712e-006
2.45968245677e-008	1.85238131962e-005
2.47283580171e-008	3.00672472804e-005
2.48598914666e-008	2.68899093498e-005
2.4991424916e-008	1.18549232866e-005
2.51229583655e-008	-7.0277001214e-006
2.52544918149e-008	-2.08377878153e-005
2.53860252644e-008	-2.39326436713e-005
2.55175587138e-008	-1.61414918693e-005
2.56490921633e-008	-2.19006915358e-006
2.57806256127e-008	1.10361679617e-005
2.59121590622e-008	1.78536301974e-005
2.60436925116e-008	1.61495827342e-005
2.61752259611e-008	7.81860399002e-006
2.63067594105e-008	-2.64752611656e-006
2.643829286e-008	-1.05073540908e-005
2.65698263094e-008	-1.28586052597e-005
2.67013597589e-008	-9.58520558925e-006
2.68328932083e-008	-2.94036772175e-006
2.69644266578e-008	3.81247127734e-006
2.70959601072e-008	7.93889194028e-006
2.72274935567e-008	8.25869392429e-006
2.73590270061e-008	5.32666490471e-006
2.74905604556e-008	8.68293341227e-007
2.7622093905e-008	-3.13580358124e-006
2.77536273545e-008	-5.26631856701e-006
2.78851608039e-008	-5.0827547966e-006
2.80166942534e-008	-3.07831169266e-006
2.81482277028e-008	-3.04590855649e-007
2.82797611522e-008	2.11424503505e-006
2.84112946017e-008	3.38143763656e-006
2.85428280511e-008	3.23372478306e-006
2.86743615006e-008	1.93971982299e-006
2.880589495e-008	1.41255156905e-007
2.89374283995e-008	-1.4445756733e-006
2.90689618489e-008	-2.25084454542e-006
2.92004952984e-008	-2.05926721719e-006
2.93320287478e-008	-1.05653566607e-006
2.94635621973e-008	2.53262015804e-007
2.95950956467e-008	1.26864506456e-006
2.97266290962e-008	1.5598346863e-006
2.98581625456e-008	1.06561242319e-006
2.99896959951e-008	1.10289136046e-007
3.01212294445e-008	-7.59111344451e-007
3.0252762894e-008	-1.06059178506e-006
3.03842963434e-008	-6.3364785774e-007
3.05158297929e-008	2.63835801206e-007
3.06473632423e-008	1.0830553947e-006
3.07788966918e-008	1.28111037156e-006
3.09104301412e-008	6.40303824184e-007
3.10419635907e-008	-5.73327497477e-007
3.11734970401e-008	-1.71186638909e-006
3.13050304896e-008	-2.07281573239e-006
3.1436563939e-008	-1.29342004129e-006
3.15680973885e-008	3.95165187683e-007
3.16996308379e-008	2.21219875129e-006
3.18311642874e-008	3.18598836202e-006
3.19626977368e-008	2.65787753051e-006
3.20942311863e-008	6.77989248743e-007
3.22257646357e-008	-1.9313017674e-006
3.23572980851e-008	-3.91678986489e-006
3.24888315346e-008	-4.19704292653e-006
3.2620364984e-008	-2.43702311309e-006
3.27518984335e-008	7.06403625372e-007
3.28834318829e-008	3.82164989787e-006
3.30149653324e-008	5.38078529644e-006
3.31464987818e-008	4.49107710665e-006
3.32780322313e-008	1.38708867325e-006
3.34095656807e-008	-2.60043634626e-006
3.35410991302e-008	-5.61937577004e-006
3.36726325796e-008	-6.1657256083e-006
3.38041660291e-008	-3.83338283427e-006
3.39356994785e-008	4.25942602078e-007
3.4067232928e-008	4.68985308544e-006
3.41987663774e-008	6.94333311912e-006
3.43302998269e-008	6.04078832112e-006
3.44618332763e-008	2.28919338952e-006
3.45933667258e-008	-2.64538084593e-006
3.47249001752e-008	-6.48556078886e-006
3.48564336247e-008	-7.4063827924e-006
3.49879670741e-008	-4.91066111863e-006
3.51195005236e-008	-9.43412317156e-008
3.5251033973e-008	4.83805797558e-006
3.53825674225e-008	7.5934394772e-006
3.55141008719e-008	6.8673698479e-006
3.56456343214e-008	2.96836060443e-006
3.57771677708e-008	-2.31276544582e-006
3.59087012203e-008	-6.53367123959e-006
3.60402346697e-008	-7.74072213972e-006
3.61717681192e-008	-5.38224958291e-006
3.63033015686e-008	-5.6362353007e-007
3.6434835018e-008	4.47375032309e-006
3.65663684675e-008	7.40415271139e-006
3.66979019169e-008	6.89995658831e-006
3.68294353664e-008	3.23878089148e-006
3.69609688158e-008	-1.84563884886e-006
3.70925022653e-008	-5.98949236519e-006
3.72240357147e-008	-7.30545298211e-006
3.73555691642e-008	-5.24808274349e-006
3.74871026136e-008	-8.38689459215e-007
3.76186360631e-008	3.84133909392e-006
3.77501695125e-008	6.63756645736e-006
3.7881702962e-008	6.31943839835e-006
3.80132364114e-008	3.12352722176e-006
3.81447698609e-008	-1.39729081639e-006
3.82763033103e-008	-5.12952010467e-006
3.84078367598e-008	-6.39056270302e-006
3.85393702092e-008	-4.68934331366e-006
3.86709036587e-008	-9.1159756721e-007
3.88024371081e-008	3.13669670504e-006
3.89339705576e-008	5.59394084121e-006
3.9065504007e-008	5.40038490726e-006
3.91970374565e-008	2.75361958302e-006
3.93285709059e-008	-1.03354409475e-006
3.94601043554e-008	-4.18192348661e-006
3.95916378048e-008	-5.28256077814e-006
3.97231712543e-008	-3.92628680856e-006
3.98547047037e-008	-8.4634018549e-007
3.99862381532e-008	2.4706619115e-006
4.01177716026e-008	4.50068500868e-006
4.02493050521e-008	4.38225424659e-006
4.03808385015e-008	2.27777218242e-006
4.05123719509e-008	-7.52281835048e-007
4.06439054004e-008	-3.28005990013e-006
4.07754388498e-008	-4.18224226451e-006
4.09069722993e-008	-3.1364379538e-006
4.10385057487e-008	-7.25283314296e-007
4.11700391982e-008	1.87952070974e-006
4.13015726476e-008	3.48423509422e-006
4.14331060971e-008	3.41857389685e-006
4.15646395465e-008	1.81014274858e-006
4.1696172996e-008	-5.20493301792e-007
4.18277064454e-008	-2.4748001124e-006
4.19592398949e-008	-3.19213177136e-006
4.20907733443e-008	-2.42542955675e-006
4.22223067938e-008	-6.14338205196e-007
4.23538402432e-008	1.3576729998e-006
4.24853736927e-008	2.5920810458e-006
4.26169071421e-008	2.58232967099e-006
4.27484405916e-008	1.41597297443e-006
4.2879974041e-008	-3.05217071173e-007
4.30115074905e-008	-1.77234096554e-006
4.31430409399e-008	-2.34722233472e-006
4.32745743894e-008	-1.83668589671e-006
4.34061078388e-008	-5.46232229226e-007
4.35376412883e-008	8.93429330517e-007
4.36691747377e-008	1.83250472219e-006
4.38007081872e-008	1.89282309293e-006
4.39322416366e-008	1.11468341402e-006
4.40637750861e-008	-9.41128490695e-008
4.41953085355e-008	-1.1684655874e-006
4.4326841985e-008	-1.64829634741e-006
4.44583754344e-008	-1.37182792059e-006
4.45899088838e-008	-5.21401432252e-007
4.47214423333e-008	4.86123383325e-007
4.48529757827e-008	1.20156039429e-006
4.49845092322e-008	1.34122205964e-006
4.51160426816e-008	8.94556137609e-007
4.52475761311e-008	1.03799131068e-007
4.53791095805e-008	-6.63760829411e-007
4.551064303e-008	-1.08445567548e-006
4.56421764794e-008	-1.011743052e-006
4.57737099289e-008	-5.20616595168e-007
4.59052433783e-008	1.45543623375e-007
4.60367768278e-008	6.93759830028e-007
4.61683102772e-008	9.07996081878e-007
4.62998437267e-008	7.30471413135e-007
4.64313771761e-008	2.69396139174e-007
4.65629106256e-008	-2.62094232539e-007
4.6694444075e-008	-6.42717338906e-007
4.68259775245e-008	-7.327187177e-007
4.69575109739e-008	-5.21157062394e-007
4.70890444234e-008	-1.17464395544e-007
4.72205778728e-008	3.03053639072e-007
4.73521113223e-008	5.7349546978e-007
4.74836447717e-008	5.98935741891e-007
4.76151782212e-008	3.86607041492e-007
4.77467116706e-008	3.49702773406e-008
4.78782451201e-008	-3.10449053131e-007
4.80097785695e-008	-5.15469537277e-007
4.8141312019e-008	-5.07216100232e-007
4.82728454684e-008	-2.98465749893e-007
4.84043789179e-008	2.11677146922e-008
4.85359123673e-008	3.22024988009e-007
4.86674458167e-008	4.85657835725e-007
4.87989792662e-008	4.49995525287e-007
4.89305127156e-008	2.33181452813e-007
4.90620461651e-008	-7.46380379724e-008
4.91935796145e-008	-3.47233964249e-007
4.9325113064e-008	-4.73418083402e-007
4.94566465134e-008	-4.02080218009e-007
4.95881799629e-008	-1.63705806244e-007
4.97197134123e-008	1.41643397455e-007
4.98512468618e-008	3.8537899627e-007
4.99827803112e-008	4.64476386242e-007
5.01143137607e-008	3.45355232412e-007
5.02458472101e-008	7.90438647869e-008
5.03773806596e-008	-2.19790706524e-007
5.0508914109e-008	-4.22077931717e-007
5.06404475585e-008	-4.40356643594e-007
5.07719810079e-008	-2.67116831765e-007
