% time-domain voltage integration by openEMS v0.0.35 @Thu May 23 14:02:40 2019
% start-coordinates: (-0.01885,-0.11546,-0.023824) m -> [56,28,15]
% stop-coordinates: (-0.01885,-0.11546,-0.01) m -> [56,28,21]
% t/s	voltage
0	0
1.31533449448e-010	0
2.63066898897e-010	0
3.94600348345e-010	1.46988713193e-025
5.26133797793e-010	1.08608139759e-018
6.57667247242e-010	2.69612476524e-014
7.8920069669e-010	1.67113007731e-011
9.20734146139e-010	5.46018218486e-010
1.05226759559e-009	1.34532790463e-009
1.18380104504e-009	1.30750464622e-009
1.31533449448e-009	1.74909799752e-010
1.44686794393e-009	-1.51941562804e-009
1.57840139338e-009	-2.69998657459e-009
1.70993484283e-009	-2.42420724467e-009
1.84146829228e-009	-9.52359769171e-010
1.97300174173e-009	1.73768470446e-009
2.10453519117e-009	5.07179231946e-009
2.23606864062e-009	7.0096778243e-009
2.36760209007e-009	6.26801703596e-009
2.49913553952e-009	1.55959935938e-009
2.63066898897e-009	-5.51650898573e-009
2.76220243842e-009	-1.15057363914e-008
2.89373588786e-009	-1.27218505175e-008
3.02526933731e-009	-7.5472275235e-009
3.15680278676e-009	3.40741662663e-009
3.28833623621e-009	1.63990261093e-008
3.41986968566e-009	2.46494034073e-008
3.55140313511e-009	2.17799497881e-008
3.68293658455e-009	6.20450939237e-009
3.814470034e-009	-1.77118413824e-008
3.94600348345e-009	-3.88017087349e-008
4.0775369329e-009	-4.4864619575e-008
4.20907038235e-009	-2.83063259499e-008
4.3406038318e-009	8.07339314846e-009
4.47213728124e-009	5.0324531875e-008
4.60367073069e-009	7.71396371224e-008
4.73520418014e-009	6.99444036023e-008
4.86673762959e-009	2.27456031232e-008
4.99827107904e-009	-4.96913782344e-008
5.12980452849e-009	-1.15049733518e-007
5.26133797793e-009	-1.35624663944e-007
5.39287142738e-009	-8.89362763434e-008
5.52440487683e-009	1.72916267138e-008
5.65593832628e-009	1.41064570247e-007
5.78747177573e-009	2.20340710566e-007
5.91900522518e-009	2.01745991468e-007
6.05053867462e-009	7.18478481154e-008
6.18207212407e-009	-1.27074807121e-007
6.31360557352e-009	-3.05930952571e-007
6.44513902297e-009	-3.65490678611e-007
6.57667247242e-009	-2.4715733149e-007
6.70820592187e-009	2.70872252961e-008
6.83973937132e-009	3.47793373656e-007
6.97127282076e-009	5.5744048133e-007
7.10280627021e-009	5.22667558123e-007
7.23433971966e-009	2.09968266329e-007
7.36587316911e-009	-2.76174945135e-007
7.49740661856e-009	-7.19433023377e-007
7.62894006801e-009	-8.82382394707e-007
7.76047351745e-009	-6.2575742632e-007
7.8920069669e-009	3.52472773191e-011
8.02354041635e-009	7.45004959057e-007
8.1550738658e-009	1.25120294214e-006
8.28660731525e-009	1.21729032188e-006
8.4181407647e-009	5.63064300962e-007
8.54967421414e-009	-4.90864864311e-007
8.68120766359e-009	-1.48260499344e-006
8.81274111304e-009	-1.90265728151e-006
8.94427456249e-009	-1.44391512791e-006
9.07580801194e-009	-1.90439272352e-007
9.20734146139e-009	1.36155343e-006
9.33887491083e-009	2.48743133824e-006
9.47040836028e-009	2.56167449209e-006
9.60194180973e-009	1.38579594022e-006
9.73347525918e-009	-6.48702798145e-007
9.86500870863e-009	-2.66770503998e-006
9.99654215808e-009	-3.67792154776e-006
1.01280756075e-008	-3.04035642529e-006
1.0259609057e-008	-8.34806451522e-007
1.03911425064e-008	2.08077856811e-006
1.05226759559e-008	4.38567496985e-006
1.06542094053e-008	4.88089465023e-006
1.07857428548e-008	3.0899671799e-006
1.09172763042e-008	-4.17002254949e-007
1.10488097537e-008	-4.16787918311e-006
1.11803432031e-008	-6.39027838645e-006
1.13118766526e-008	-5.83133801513e-006
1.1443410102e-008	-2.42469069178e-006
1.15749435515e-008	2.53805197303e-006
1.17064770009e-008	6.8700089173e-006
1.18380104504e-008	8.43613088364e-006
1.19695438998e-008	6.18151725007e-006
1.21010773492e-008	7.55538092534e-007
1.22326107987e-008	-5.61259895449e-006
1.23641442481e-008	-1.0007705697e-005
1.24956776976e-008	-1.01447071188e-005
1.2627211147e-008	-5.52164799217e-006
1.27587445965e-008	2.1597043478e-006
1.28902780459e-008	9.57993970019e-006
1.30218114954e-008	1.3217743458e-005
1.31533449448e-008	1.10004795317e-005
1.32848783943e-008	3.4253840937e-006
1.34164118437e-008	-6.43480193219e-006
1.35479452932e-008	-1.41504283988e-005
1.36794787426e-008	-1.59103999522e-005
1.38110121921e-008	-1.03815221735e-005
1.39425456415e-008	4.46132667697e-007
1.4074079091e-008	1.19207714704e-005
1.42056125404e-008	1.87115380754e-005
1.43371459899e-008	1.72774433622e-005
1.44686794393e-008	7.68363868531e-006
1.46002128888e-008	-6.1561922422e-006
1.47317463382e-008	-1.80501228328e-005
1.48632797877e-008	-2.22979772957e-005
1.49948132371e-008	-1.64243458869e-005
1.51263466866e-008	-2.56328142711e-006
1.5257880136e-008	1.32607399053e-005
1.53894135855e-008	2.37511568457e-005
1.55209470349e-008	2.37222591863e-005
1.56524804844e-008	1.26712457416e-005
1.57840139338e-008	-4.74182516541e-006
1.59155473833e-008	-2.06507804705e-005
1.60470808327e-008	-2.75642969996e-005
1.61786142821e-008	-2.19305279643e-005
1.63101477316e-008	-5.97161169935e-006
1.6441681181e-008	1.31655897349e-005
1.65732146305e-008	2.66382548944e-005
1.67047480799e-008	2.80470536609e-005
1.68362815294e-008	1.65255113984e-005
1.69678149788e-008	-2.73771495785e-006
1.70993484283e-008	-2.08552383469e-005
1.72308818777e-008	-2.94014446354e-005
1.73624153272e-008	-2.44024138851e-005
1.74939487766e-008	-8.23243406955e-006
1.76254822261e-008	1.15134664327e-005
1.77570156755e-008	2.56397361227e-005
1.7888549125e-008	2.77145558698e-005
1.80200825744e-008	1.70702193714e-005
1.81516160239e-008	-9.97509141953e-007
1.82831494733e-008	-1.78856325874e-005
1.84146829228e-008	-2.58573165866e-005
1.85462163722e-008	-2.16717058379e-005
1.86777498217e-008	-7.92722333642e-006
1.88092832711e-008	8.45734861343e-006
1.89408167206e-008	1.97674925175e-005
1.907235017e-008	2.12108718074e-005
1.92038836195e-008	1.29963551956e-005
1.93354170689e-008	-1.55464960128e-007
1.94669505184e-008	-1.16649036102e-005
1.95984839678e-008	-1.64411026446e-005
1.97300174173e-008	-1.31965301762e-005
1.98615508667e-008	-4.64337550454e-006
1.99930843162e-008	4.34459118281e-006
2.01246177656e-008	9.46709201344e-006
2.0256151215e-008	9.10999153803e-006
2.03876846645e-008	4.77149636424e-006
2.05192181139e-008	-2.58468550562e-007
2.06507515634e-008	-3.05261518463e-006
2.07822850128e-008	-2.71956430709e-006
2.09138184623e-008	-6.50180776773e-007
2.10453519117e-008	7.08388498083e-007
2.11768853612e-008	-2.96047770743e-007
2.13084188106e-008	-3.25655202715e-006
2.14399522601e-008	-5.86371778866e-006
2.15714857095e-008	-5.42974515838e-006
2.1703019159e-008	-8.48692934596e-007
2.18345526084e-008	6.26732165188e-006
2.19660860579e-008	1.2108115186e-005
2.20976195073e-008	1.27033519277e-005
2.22291529568e-008	6.38957945398e-006
2.23606864062e-008	-4.75388127086e-006
2.24922198557e-008	-1.54909740786e-005
2.26237533051e-008	-1.99369966936e-005
2.27552867546e-008	-1.47659795289e-005
2.2886820204e-008	-1.37438518166e-006
2.30183536535e-008	1.43110725901e-005
2.31498871029e-008	2.4504149394e-005
2.32814205524e-008	2.34807218931e-005
2.34129540018e-008	1.07508572853e-005
2.35444874513e-008	-8.25958787232e-006
2.36760209007e-008	-2.45513055006e-005
2.38075543502e-008	-2.9889966811e-005
2.39390877996e-008	-2.10127067817e-005
2.40706212491e-008	-1.53562193717e-006
2.42021546985e-008	1.95217613737e-005
2.43336881479e-008	3.19888951026e-005
2.44652215974e-008	2.95321907515e-005
2.45967550468e-008	1.28986373511e-005
2.47282884963e-008	-1.0256500417e-005
2.48598219457e-008	-2.89529143629e-005
2.49913553952e-008	-3.41731263234e-005
2.51228888446e-008	-2.32703728216e-005
2.52544222941e-008	-1.31676773307e-006
2.53859557435e-008	2.12950529317e-005
2.5517489193e-008	3.38422455002e-005
2.56490226424e-008	3.0424548072e-005
2.57805560919e-008	1.27730022257e-005
2.59120895413e-008	-1.06359502183e-005
2.60436229908e-008	-2.87012485956e-005
2.61751564402e-008	-3.30245276245e-005
2.63066898897e-008	-2.18594935291e-005
2.64382233391e-008	-8.0581309625e-007
2.65697567886e-008	2.0017270117e-005
2.6701290238e-008	3.08832979954e-005
2.68328236875e-008	2.70473753972e-005
2.69643571369e-008	1.08274474258e-005
2.70958905864e-008	-9.73671006932e-006
2.72274240358e-008	-2.48910451432e-005
2.73589574853e-008	-2.78319380413e-005
2.74904909347e-008	-1.77798801246e-005
2.76220243842e-008	-6.63559673875e-008
2.77535578336e-008	1.66738490748e-005
2.78850912831e-008	2.47326340741e-005
2.80166247325e-008	2.08990059605e-005
2.8148158182e-008	7.70645088721e-006
2.82796916314e-008	-8.10674971774e-006
2.84112250808e-008	-1.9031381612e-005
2.85427585303e-008	-2.03671226018e-005
2.86742919797e-008	-1.22355013445e-005
2.88058254292e-008	8.29908653799e-007
2.89373588786e-008	1.23542566826e-005
2.90688923281e-008	1.71272328373e-005
2.92004257775e-008	1.35564609707e-005
2.9331959227e-008	4.10804366879e-006
2.94634926764e-008	-6.22556117946e-006
2.95950261259e-008	-1.25305633958e-005
2.97265595753e-008	-1.23025879475e-005
2.98580930248e-008	-6.40079807113e-006
2.99896264742e-008	1.71638579616e-006
3.01211599237e-008	7.93613958194e-006
3.02526933731e-008	9.55389475621e-006
3.03842268226e-008	6.42658480388e-006
3.0515760272e-008	7.3700661396e-007
3.06472937215e-008	-4.36894255529e-006
3.07788271709e-008	-6.47170551815e-006
3.09103606204e-008	-5.00521025515e-006
3.10418940698e-008	-1.30383276442e-006
3.11734275193e-008	2.33786845882e-006
3.13049609687e-008	3.99881618307e-006
3.14364944182e-008	3.11212573934e-006
3.15680278676e-008	6.04892353095e-007
3.16995613171e-008	-1.79679373602e-006
3.18310947665e-008	-2.63777718601e-006
3.1962628216e-008	-1.55489692233e-006
3.20941616654e-008	5.94814858701e-007
3.22256951149e-008	2.32631487052e-006
3.23572285643e-008	2.45990092651e-006
3.24887620137e-008	8.38551901694e-007
3.26202954632e-008	-1.57811963675e-006
3.27518289126e-008	-3.2871619311e-006
3.28833623621e-008	-3.14122712552e-006
3.30148958115e-008	-1.04966359515e-006
3.3146429261e-008	1.9212564375e-006
3.32779627104e-008	4.1167382463e-006
3.34094961599e-008	4.21652390514e-006
3.35410296093e-008	2.0000413663e-006
3.36725630588e-008	-1.47720606236e-006
3.38040965082e-008	-4.40859794537e-006
3.39356299577e-008	-5.19120793285e-006
3.40671634071e-008	-3.2999066093e-006
3.41986968566e-008	3.92974059515e-007
3.4330230306e-008	4.03541866945e-006
3.44617637555e-008	5.74214965354e-006
3.45932972049e-008	4.57887699667e-006
3.47248306544e-008	1.06846593972e-006
3.48563641038e-008	-3.05285924185e-006
3.49878975533e-008	-5.70816861512e-006
3.51194310027e-008	-5.53728888519e-006
3.52509644522e-008	-2.59600254537e-006
3.53824979016e-008	1.66185200712e-006
3.55140313511e-008	5.11254484081e-006
3.56455648005e-008	6.03093663187e-006
3.577709825e-008	3.95710630841e-006
3.59086316994e-008	-7.43675032666e-008
3.60401651489e-008	-4.05669893411e-006
3.61716985983e-008	-6.01588099869e-006
3.63032320477e-008	-4.99355233785e-006
3.64347654972e-008	-1.5151580719e-006
3.65662989466e-008	2.68337252862e-006
3.66978323961e-008	5.52658714525e-006
3.68293658455e-008	5.6285414729e-006
3.6960899295e-008	2.96792929078e-006
3.70924327444e-008	-1.11877982079e-006
3.72239661939e-008	-4.61338477464e-006
3.73554996433e-008	-5.81483087103e-006
3.74870330928e-008	-4.16725656294e-006
3.76185665422e-008	-5.12717554635e-007
3.77500999917e-008	3.34306114524e-006
3.78816334411e-008	5.52629767014e-006
3.80131668906e-008	5.00656190638e-006
3.814470034e-008	2.07994589729e-006
3.82762337895e-008	-1.80102407299e-006
3.84077672389e-008	-4.7528182705e-006
3.85393006884e-008	-5.37760598718e-006
3.86708341378e-008	-3.42389271424e-006
3.88023675873e-008	1.21037476708e-007
3.89339010367e-008	3.53437646794e-006
3.90654344862e-008	5.19961605505e-006
3.91969679356e-008	4.3726431187e-006
3.93285013851e-008	1.50979397517e-006
3.94600348345e-008	-1.98515048311e-006
3.9591568284e-008	-4.45400513627e-006
3.97231017334e-008	-4.77409757593e-006
3.98546351829e-008	-2.86697755314e-006
3.99861686323e-008	3.03796417356e-007
4.01177020818e-008	3.22248011742e-006
4.02492355312e-008	4.55076384753e-006
4.03807689806e-008	3.74131313663e-006
4.05123024301e-008	1.25671176932e-006
4.06438358795e-008	-1.69145980067e-006
4.0775369329e-008	-3.73736632753e-006
4.09069027784e-008	-3.99582234678e-006
4.10384362279e-008	-2.44221482859e-006
4.11699696773e-008	1.24610832097e-007
4.13015031268e-008	2.4936199523e-006
4.14330365762e-008	3.61594184994e-006
4.15645700257e-008	3.06793085514e-006
4.16961034751e-008	1.20075180376e-006
4.18276369246e-008	-1.07146382256e-006
4.1959170374e-008	-2.72004304236e-006
4.20907038235e-008	-3.06780464854e-006
4.22222372729e-008	-2.06127308289e-006
4.23537707224e-008	-2.4335829707e-007
4.24853041718e-008	1.53551225779e-006
4.26168376213e-008	2.51543329455e-006
4.27483710707e-008	2.34815999534e-006
4.28799045202e-008	1.20794055292e-006
4.30114379696e-008	-3.35269970897e-007
4.31429714191e-008	-1.59861780702e-006
4.32745048685e-008	-2.08654377332e-006
4.3406038318e-008	-1.6770292568e-006
4.35375717674e-008	-6.2924043398e-007
4.36691052169e-008	5.67993245326e-007
4.38006386663e-008	1.42212345366e-006
4.39321721158e-008	1.63407387532e-006
4.40637055652e-008	1.19098124785e-006
4.41952390147e-008	3.33228729055e-007
4.43267724641e-008	-5.70638230002e-007
4.44583059135e-008	-1.17843110203e-006
4.4589839363e-008	-1.2954218569e-006
4.47213728124e-008	-9.24442257855e-007
4.48529062619e-008	-2.4067776172e-007
4.49844397113e-008	4.88034947566e-007
4.51159731608e-008	9.99727737039e-007
4.52475066102e-008	1.12362569737e-006
4.53790400597e-008	8.3038589338e-007
4.55105735091e-008	2.35695096329e-007
4.56421069586e-008	-4.40716326544e-007
4.5773640408e-008	-9.48720844107e-007
4.59051738575e-008	-1.09526213876e-006
4.60367073069e-008	-8.16501362522e-007
4.61682407564e-008	-2.09102657855e-007
4.62997742058e-008	4.96986301002e-007
4.64313076553e-008	1.02029732929e-006
4.65628411047e-008	1.13865173645e-006
4.66943745542e-008	7.85939967329e-007
4.68259080036e-008	9.06994783723e-008
4.69574414531e-008	-6.65358216523e-007
4.70889749025e-008	-1.15958252422e-006
4.7220508352e-008	-1.16761744806e-006
4.73520418014e-008	-6.67616745886e-007
4.74835752509e-008	1.38629184798e-007
4.76151087003e-008	9.05074260871e-007
4.77466421498e-008	1.29016199679e-006
4.78781755992e-008	1.11113600454e-006
4.80097090487e-008	4.3317448295e-007
4.81412424981e-008	-4.51375221644e-007
4.82727759476e-008	-1.14881667201e-006
4.8404309397e-008	-1.34053823686e-006
4.85358428464e-008	-9.31175947017e-007
4.86673762959e-008	-9.68817903679e-008
4.87989097453e-008	7.89403157953e-007
4.89304431948e-008	1.32562915311e-006
4.90619766442e-008	1.26483529428e-006
4.91935100937e-008	6.30342006147e-007
4.93250435431e-008	-2.91963378807e-007
4.94565769926e-008	-1.08281844646e-006
4.9588110442e-008	-1.38154310036e-006
4.97196438915e-008	-1.05208040857e-006
4.98511773409e-008	-2.45760379602e-007
4.99827107904e-008	6.68192514652e-007
5.01142442398e-008	1.27261884586e-006
5.02457776893e-008	1.29423395734e-006
5.03773111387e-008	7.28053711541e-007
5.05088445882e-008	-1.62341088128e-007
5.06403780376e-008	-9.68070946072e-007
5.07719114871e-008	-1.32370611539e-006
