"E-Field:0","E-Field:1","E-Field:2","vtkValidPointMask","arc_length","Points:0","Points:1","Points:2"
1.5559e-10,1.4732e-10,1.2e-09,1,0,0.1854,-0.1854,0.01
1.5429e-10,9.2691e-11,1.0765e-09,1,0.0003708,0.1854,-0.18503,0.01
1.53e-10,3.8066e-11,9.5299e-10,1,0.0007416,0.1854,-0.18466,0.01
1.5176e-10,6.5824e-18,8.4898e-10,1,0.0011124,0.1854,-0.18429,0.01
1.5066e-10,6.0258e-18,7.8986e-10,1,0.0014832,0.1854,-0.18392,0.01
1.4956e-10,5.4692e-18,7.3073e-10,1,0.001854,0.1854,-0.18355,0.01
1.4855e-10,5.0037e-18,6.8726e-10,1,0.0022248,0.1854,-0.18318,0.01
1.476e-10,4.5972e-18,6.5396e-10,1,0.0025956,0.1854,-0.1828,0.01
1.4666e-10,4.1907e-18,6.2066e-10,1,0.0029664,0.1854,-0.18243,0.01
1.4583e-10,3.8859e-18,5.9859e-10,1,0.0033372,0.1854,-0.18206,0.01
1.4501e-10,3.5912e-18,5.7764e-10,1,0.003708,0.1854,-0.18169,0.01
1.4426e-10,3.3255e-18,5.6011e-10,1,0.0040788,0.1854,-0.18132,0.01
1.4376e-10,3.1671e-18,5.5527e-10,1,0.0044496,0.1854,-0.18095,0.01
1.4326e-10,3.0088e-18,5.5043e-10,1,0.0048204,0.1854,-0.18058,0.01
1.4276e-10,2.8504e-18,5.4559e-10,1,0.0051912,0.1854,-0.18021,0.01
1.4226e-10,2.6921e-18,5.4075e-10,1,0.005562,0.1854,-0.17984,0.01
1.4176e-10,2.5337e-18,5.3591e-10,1,0.0059328,0.1854,-0.17947,0.01
1.4126e-10,2.3754e-18,5.3107e-10,1,0.0063036,0.1854,-0.1791,0.01
1.4076e-10,2.217e-18,5.2623e-10,1,0.0066744,0.1854,-0.17873,0.01
1.4026e-10,2.0587e-18,5.2139e-10,1,0.0070452,0.1854,-0.17835,0.01
1.3977e-10,1.9003e-18,5.1655e-10,1,0.007416,0.1854,-0.17798,0.01
1.3927e-10,1.742e-18,5.1171e-10,1,0.0077868,0.1854,-0.17761,0.01
1.3877e-10,1.5836e-18,5.0687e-10,1,0.0081576,0.1854,-0.17724,0.01
1.3827e-10,1.4253e-18,5.0203e-10,1,0.0085284,0.1854,-0.17687,0.01
1.3777e-10,1.2669e-18,4.9719e-10,1,0.0088992,0.1854,-0.1765,0.01
1.3728e-10,1.1147e-18,4.9252e-10,1,0.00927,0.1854,-0.17613,0.01
1.3698e-10,1.0692e-18,4.9076e-10,1,0.0096408,0.1854,-0.17576,0.01
1.3668e-10,1.0237e-18,4.89e-10,1,0.010012,0.1854,-0.17539,0.01
1.3638e-10,9.7817e-19,4.8724e-10,1,0.010382,0.1854,-0.17502,0.01
1.3608e-10,9.3267e-19,4.8548e-10,1,0.010753,0.1854,-0.17465,0.01
1.3578e-10,8.8717e-19,4.8372e-10,1,0.011124,0.1854,-0.17428,0.01
1.3548e-10,8.4167e-19,4.8197e-10,1,0.011495,0.1854,-0.17391,0.01
1.3517e-10,7.9617e-19,4.8021e-10,1,0.011866,0.1854,-0.17353,0.01
1.3487e-10,7.5067e-19,4.7845e-10,1,0.012236,0.1854,-0.17316,0.01
1.3457e-10,7.0517e-19,4.7669e-10,1,0.012607,0.1854,-0.17279,0.01
1.3427e-10,6.5967e-19,4.7493e-10,1,0.012978,0.1854,-0.17242,0.01
1.3397e-10,6.1417e-19,4.7317e-10,1,0.013349,0.1854,-0.17205,0.01
1.3367e-10,5.6866e-19,4.7141e-10,1,0.01372,0.1854,-0.17168,0.01
1.3337e-10,5.2316e-19,4.6966e-10,1,0.01409,0.1854,-0.17131,0.01
1.3307e-10,4.7766e-19,4.679e-10,1,0.014461,0.1854,-0.17094,0.01
1.3284e-10,4.6252e-19,4.6681e-10,1,0.014832,0.1854,-0.17057,0.01
1.3262e-10,4.5092e-19,4.658e-10,1,0.015203,0.1854,-0.1702,0.01
1.324e-10,4.3932e-19,4.648e-10,1,0.015574,0.1854,-0.16983,0.01
1.3218e-10,4.2772e-19,4.6379e-10,1,0.015944,0.1854,-0.16946,0.01
1.3196e-10,4.1612e-19,4.6278e-10,1,0.016315,0.1854,-0.16908,0.01
1.3174e-10,4.0452e-19,4.6178e-10,1,0.016686,0.1854,-0.16871,0.01
1.3152e-10,3.9292e-19,4.6077e-10,1,0.017057,0.1854,-0.16834,0.01
1.313e-10,3.8132e-19,4.5976e-10,1,0.017428,0.1854,-0.16797,0.01
1.3108e-10,3.6972e-19,4.5875e-10,1,0.017798,0.1854,-0.1676,0.01
1.3086e-10,3.5812e-19,4.5775e-10,1,0.018169,0.1854,-0.16723,0.01
1.3064e-10,3.4652e-19,4.5674e-10,1,0.01854,0.1854,-0.16686,0.01
1.3042e-10,3.3492e-19,4.5573e-10,1,0.018911,0.1854,-0.16649,0.01
1.302e-10,3.2333e-19,4.5473e-10,1,0.019282,0.1854,-0.16612,0.01
1.2997e-10,3.1173e-19,4.5372e-10,1,0.019652,0.1854,-0.16575,0.01
1.2978e-10,3.0776e-19,4.5297e-10,1,0.020023,0.1854,-0.16538,0.01
1.296e-10,3.0652e-19,4.5231e-10,1,0.020394,0.1854,-0.16501,0.01
1.2941e-10,3.0528e-19,4.5165e-10,1,0.020765,0.1854,-0.16464,0.01
1.2923e-10,3.0404e-19,4.5099e-10,1,0.021136,0.1854,-0.16426,0.01
1.2905e-10,3.028e-19,4.5033e-10,1,0.021506,0.1854,-0.16389,0.01
1.2886e-10,3.0157e-19,4.4967e-10,1,0.021877,0.1854,-0.16352,0.01
1.2868e-10,3.0033e-19,4.4901e-10,1,0.022248,0.1854,-0.16315,0.01
1.285e-10,2.9909e-19,4.4835e-10,1,0.022619,0.1854,-0.16278,0.01
1.2831e-10,2.9785e-19,4.4769e-10,1,0.02299,0.1854,-0.16241,0.01
1.2813e-10,2.9661e-19,4.4703e-10,1,0.02336,0.1854,-0.16204,0.01
1.2794e-10,2.9537e-19,4.4637e-10,1,0.023731,0.1854,-0.16167,0.01
1.2776e-10,2.9413e-19,4.4571e-10,1,0.024102,0.1854,-0.1613,0.01
1.2758e-10,2.9289e-19,4.4505e-10,1,0.024473,0.1854,-0.16093,0.01
1.2739e-10,2.9165e-19,4.4439e-10,1,0.024844,0.1854,-0.16056,0.01
1.2722e-10,2.916e-19,4.4382e-10,1,0.025214,0.1854,-0.16019,0.01
1.2705e-10,2.9241e-19,4.4331e-10,1,0.025585,0.1854,-0.15981,0.01
1.2688e-10,2.9322e-19,4.4281e-10,1,0.025956,0.1854,-0.15944,0.01
1.2671e-10,2.9403e-19,4.423e-10,1,0.026327,0.1854,-0.15907,0.01
1.2654e-10,2.9485e-19,4.4179e-10,1,0.026698,0.1854,-0.1587,0.01
1.2638e-10,2.9575e-19,4.4131e-10,1,0.027068,0.1854,-0.15833,0.01
1.2622e-10,2.9704e-19,4.4094e-10,1,0.027439,0.1854,-0.15796,0.01
1.2607e-10,2.9834e-19,4.4057e-10,1,0.02781,0.1854,-0.15759,0.01
1.2591e-10,2.9964e-19,4.402e-10,1,0.028181,0.1854,-0.15722,0.01
1.2576e-10,3.0093e-19,4.3983e-10,1,0.028552,0.1854,-0.15685,0.01
1.256e-10,3.0223e-19,4.3945e-10,1,0.028922,0.1854,-0.15648,0.01
1.2545e-10,3.0353e-19,4.3908e-10,1,0.029293,0.1854,-0.15611,0.01
1.2529e-10,3.0482e-19,4.3871e-10,1,0.029664,0.1854,-0.15574,0.01
1.2514e-10,3.0612e-19,4.3834e-10,1,0.030035,0.1854,-0.15537,0.01
1.2498e-10,3.0741e-19,4.3797e-10,1,0.030406,0.1854,-0.15499,0.01
1.2483e-10,3.0871e-19,4.3759e-10,1,0.030776,0.1854,-0.15462,0.01
1.2467e-10,3.1001e-19,4.3722e-10,1,0.031147,0.1854,-0.15425,0.01
1.2452e-10,3.1134e-19,4.3687e-10,1,0.031518,0.1854,-0.15388,0.01
1.2438e-10,3.1288e-19,4.3667e-10,1,0.031889,0.1854,-0.15351,0.01
1.2425e-10,3.1442e-19,4.3646e-10,1,0.03226,0.1854,-0.15314,0.01
1.2411e-10,3.1596e-19,4.3626e-10,1,0.03263,0.1854,-0.15277,0.01
1.2398e-10,3.175e-19,4.3606e-10,1,0.033001,0.1854,-0.1524,0.01
1.2384e-10,3.1904e-19,4.3585e-10,1,0.033372,0.1854,-0.15203,0.01
1.237e-10,3.2058e-19,4.3565e-10,1,0.033743,0.1854,-0.15166,0.01
1.2357e-10,3.2212e-19,4.3545e-10,1,0.034114,0.1854,-0.15129,0.01
1.2343e-10,3.2366e-19,4.3524e-10,1,0.034484,0.1854,-0.15092,0.01
1.233e-10,3.252e-19,4.3504e-10,1,0.034855,0.1854,-0.15054,0.01
1.2316e-10,3.2674e-19,4.3483e-10,1,0.035226,0.1854,-0.15017,0.01
1.2302e-10,3.2828e-19,4.3463e-10,1,0.035597,0.1854,-0.1498,0.01
1.2289e-10,3.2983e-19,4.3444e-10,1,0.035968,0.1854,-0.14943,0.01
1.2278e-10,3.3148e-19,4.3442e-10,1,0.036338,0.1854,-0.14906,0.01
1.2266e-10,3.3312e-19,4.3439e-10,1,0.036709,0.1854,-0.14869,0.01
1.2255e-10,3.3476e-19,4.3436e-10,1,0.03708,0.1854,-0.14832,0.01
1.2244e-10,3.364e-19,4.3433e-10,1,0.037451,0.1854,-0.14795,0.01
1.2232e-10,3.3804e-19,4.3431e-10,1,0.037822,0.1854,-0.14758,0.01
1.2221e-10,3.3968e-19,4.3428e-10,1,0.038192,0.1854,-0.14721,0.01
1.221e-10,3.4132e-19,4.3425e-10,1,0.038563,0.1854,-0.14684,0.01
1.2199e-10,3.4296e-19,4.3423e-10,1,0.038934,0.1854,-0.14647,0.01
1.2187e-10,3.446e-19,4.342e-10,1,0.039305,0.1854,-0.1461,0.01
1.2176e-10,3.4624e-19,4.3417e-10,1,0.039676,0.1854,-0.14572,0.01
1.2165e-10,3.4789e-19,4.3415e-10,1,0.040046,0.1854,-0.14535,0.01
1.2153e-10,3.4953e-19,4.3413e-10,1,0.040417,0.1854,-0.14498,0.01
1.2145e-10,3.5126e-19,4.3428e-10,1,0.040788,0.1854,-0.14461,0.01
1.2136e-10,3.5298e-19,4.3443e-10,1,0.041159,0.1854,-0.14424,0.01
1.2127e-10,3.5471e-19,4.3458e-10,1,0.04153,0.1854,-0.14387,0.01
1.2119e-10,3.5643e-19,4.3474e-10,1,0.0419,0.1854,-0.1435,0.01
1.211e-10,3.5816e-19,4.3489e-10,1,0.042271,0.1854,-0.14313,0.01
1.2101e-10,3.5988e-19,4.3504e-10,1,0.042642,0.1854,-0.14276,0.01
1.2093e-10,3.6161e-19,4.3519e-10,1,0.043013,0.1854,-0.14239,0.01
1.2084e-10,3.6334e-19,4.3534e-10,1,0.043384,0.1854,-0.14202,0.01
1.2075e-10,3.6506e-19,4.355e-10,1,0.043754,0.1854,-0.14165,0.01
1.2067e-10,3.6679e-19,4.3565e-10,1,0.044125,0.1854,-0.14127,0.01
1.206e-10,3.6859e-19,4.3595e-10,1,0.044496,0.1854,-0.1409,0.01
1.2055e-10,3.7041e-19,4.3628e-10,1,0.044867,0.1854,-0.14053,0.01
1.2049e-10,3.7223e-19,4.3662e-10,1,0.045238,0.1854,-0.14016,0.01
1.2043e-10,3.7405e-19,4.3696e-10,1,0.045608,0.1854,-0.13979,0.01
1.2037e-10,3.7588e-19,4.3729e-10,1,0.045979,0.1854,-0.13942,0.01
1.2032e-10,3.777e-19,4.3763e-10,1,0.04635,0.1854,-0.13905,0.01
1.2026e-10,3.7952e-19,4.3797e-10,1,0.046721,0.1854,-0.13868,0.01
1.202e-10,3.8134e-19,4.383e-10,1,0.047092,0.1854,-0.13831,0.01
1.2014e-10,3.8316e-19,4.3864e-10,1,0.047462,0.1854,-0.13794,0.01
1.2009e-10,3.8498e-19,4.3897e-10,1,0.047833,0.1854,-0.13757,0.01
1.2004e-10,3.8684e-19,4.3938e-10,1,0.048204,0.1854,-0.1372,0.01
1.2001e-10,3.8873e-19,4.3984e-10,1,0.048575,0.1854,-0.13683,0.01
1.1997e-10,3.9062e-19,4.403e-10,1,0.048946,0.1854,-0.13645,0.01
1.1994e-10,3.9254e-19,4.4081e-10,1,0.049316,0.1854,-0.13608,0.01
1.1992e-10,3.9446e-19,4.4133e-10,1,0.049687,0.1854,-0.13571,0.01
1.1989e-10,3.9639e-19,4.4185e-10,1,0.050058,0.1854,-0.13534,0.01
1.1987e-10,3.9835e-19,4.4243e-10,1,0.050429,0.1854,-0.13497,0.01
1.1986e-10,4.0031e-19,4.43e-10,1,0.0508,0.1854,-0.1346,0.01
1.1984e-10,4.0229e-19,4.436e-10,1,0.05117,0.1854,-0.13423,0.01
1.1984e-10,4.0429e-19,4.4424e-10,1,0.051541,0.1854,-0.13386,0.01
1.1983e-10,4.0629e-19,4.4487e-10,1,0.051912,0.1854,-0.13349,0.01
1.1985e-10,4.0839e-19,4.4564e-10,1,0.052283,0.1854,-0.13312,0.01
1.1988e-10,4.1052e-19,4.4645e-10,1,0.052654,0.1854,-0.13275,0.01
1.199e-10,4.1266e-19,4.4726e-10,1,0.053024,0.1854,-0.13238,0.01
1.1993e-10,4.1479e-19,4.4807e-10,1,0.053395,0.1854,-0.132,0.01
1.1996e-10,4.1692e-19,4.4888e-10,1,0.053766,0.1854,-0.13163,0.01
1.1998e-10,4.1905e-19,4.4969e-10,1,0.054137,0.1854,-0.13126,0.01
1.2001e-10,4.2118e-19,4.505e-10,1,0.054508,0.1854,-0.13089,0.01
1.2003e-10,4.2331e-19,4.5131e-10,1,0.054878,0.1854,-0.13052,0.01
1.2006e-10,4.2545e-19,4.5212e-10,1,0.055249,0.1854,-0.13015,0.01
1.2009e-10,4.2758e-19,4.5293e-10,1,0.05562,0.1854,-0.12978,0.01
1.2011e-10,4.2971e-19,4.5374e-10,1,0.055991,0.1854,-0.12941,0.01
1.2014e-10,4.3184e-19,4.5455e-10,1,0.056362,0.1854,-0.12904,0.01
1.2016e-10,4.3397e-19,4.5536e-10,1,0.056732,0.1854,-0.12867,0.01
1.2023e-10,4.3627e-19,4.5638e-10,1,0.057103,0.1854,-0.1283,0.01
1.2031e-10,4.3867e-19,4.5751e-10,1,0.057474,0.1854,-0.12793,0.01
1.204e-10,4.4107e-19,4.5863e-10,1,0.057845,0.1854,-0.12756,0.01
1.2049e-10,4.4346e-19,4.5976e-10,1,0.058216,0.1854,-0.12718,0.01
1.2057e-10,4.4586e-19,4.6089e-10,1,0.058586,0.1854,-0.12681,0.01
1.2066e-10,4.4826e-19,4.6202e-10,1,0.058957,0.1854,-0.12644,0.01
1.2074e-10,4.5065e-19,4.6315e-10,1,0.059328,0.1854,-0.12607,0.01
1.2083e-10,4.5305e-19,4.6428e-10,1,0.059699,0.1854,-0.1257,0.01
1.2092e-10,4.5544e-19,4.6541e-10,1,0.06007,0.1854,-0.12533,0.01
1.21e-10,4.5784e-19,4.6654e-10,1,0.06044,0.1854,-0.12496,0.01
1.2109e-10,4.6024e-19,4.6767e-10,1,0.060811,0.1854,-0.12459,0.01
1.2117e-10,4.6263e-19,4.688e-10,1,0.061182,0.1854,-0.12422,0.01
1.2126e-10,4.6503e-19,4.6993e-10,1,0.061553,0.1854,-0.12385,0.01
1.2138e-10,4.6761e-19,4.7124e-10,1,0.061924,0.1854,-0.12348,0.01
1.2153e-10,4.7037e-19,4.7272e-10,1,0.062294,0.1854,-0.12311,0.01
1.2169e-10,4.7313e-19,4.742e-10,1,0.062665,0.1854,-0.12273,0.01
1.2184e-10,4.7589e-19,4.7568e-10,1,0.063036,0.1854,-0.12236,0.01
1.2199e-10,4.7865e-19,4.7716e-10,1,0.063407,0.1854,-0.12199,0.01
1.2214e-10,4.814e-19,4.7864e-10,1,0.063778,0.1854,-0.12162,0.01
1.223e-10,4.8416e-19,4.8012e-10,1,0.064148,0.1854,-0.12125,0.01
1.2245e-10,4.8692e-19,4.816e-10,1,0.064519,0.1854,-0.12088,0.01
1.226e-10,4.8968e-19,4.8308e-10,1,0.06489,0.1854,-0.12051,0.01
1.2275e-10,4.9244e-19,4.8456e-10,1,0.065261,0.1854,-0.12014,0.01
1.2291e-10,4.9519e-19,4.8604e-10,1,0.065632,0.1854,-0.11977,0.01
1.2306e-10,4.9795e-19,4.8752e-10,1,0.066002,0.1854,-0.1194,0.01
1.2321e-10,5.0071e-19,4.89e-10,1,0.066373,0.1854,-0.11903,0.01
1.2339e-10,5.0361e-19,4.9061e-10,1,0.066744,0.1854,-0.11866,0.01
1.236e-10,5.0672e-19,4.924e-10,1,0.067115,0.1854,-0.11829,0.01
1.2381e-10,5.0982e-19,4.942e-10,1,0.067486,0.1854,-0.11791,0.01
1.2402e-10,5.1293e-19,4.96e-10,1,0.067856,0.1854,-0.11754,0.01
1.2423e-10,5.1604e-19,4.978e-10,1,0.068227,0.1854,-0.11717,0.01
1.2444e-10,5.1915e-19,4.9959e-10,1,0.068598,0.1854,-0.1168,0.01
1.2464e-10,5.2226e-19,5.0139e-10,1,0.068969,0.1854,-0.11643,0.01
1.2485e-10,5.2537e-19,5.0319e-10,1,0.06934,0.1854,-0.11606,0.01
1.2509e-10,5.2862e-19,5.0516e-10,1,0.06971,0.1854,-0.11569,0.01
1.2534e-10,5.3196e-19,5.0729e-10,1,0.070081,0.1854,-0.11532,0.01
1.2561e-10,5.3539e-19,5.0964e-10,1,0.070452,0.1854,-0.11495,0.01
1.2588e-10,5.3882e-19,5.1199e-10,1,0.070823,0.1854,-0.11458,0.01
1.2615e-10,5.4226e-19,5.1434e-10,1,0.071194,0.1854,-0.11421,0.01
1.2642e-10,5.4569e-19,5.1669e-10,1,0.071564,0.1854,-0.11384,0.01
1.2669e-10,5.4912e-19,5.1904e-10,1,0.071935,0.1854,-0.11346,0.01
1.2696e-10,5.5255e-19,5.2139e-10,1,0.072306,0.1854,-0.11309,0.01
1.2723e-10,5.5599e-19,5.2374e-10,1,0.072677,0.1854,-0.11272,0.01
1.275e-10,5.5942e-19,5.2609e-10,1,0.073048,0.1854,-0.11235,0.01
1.2777e-10,5.6285e-19,5.2844e-10,1,0.073418,0.1854,-0.11198,0.01
1.2807e-10,5.6637e-19,5.3181e-10,1,0.073789,0.1854,-0.11161,0.01
1.2838e-10,5.6993e-19,5.3572e-10,1,0.07416,0.1854,-0.11124,0.01
1.2869e-10,5.7349e-19,5.3962e-10,1,0.074531,0.1854,-0.11087,0.01
1.2901e-10,5.7705e-19,5.4352e-10,1,0.074902,0.1854,-0.1105,0.01
1.2936e-10,5.8049e-19,5.5215e-10,1,0.075272,0.1854,-0.11013,0.01
1.2971e-10,5.8392e-19,5.6129e-10,1,0.075643,0.1854,-0.10976,0.01
1.3006e-10,5.8735e-19,5.7043e-10,1,0.076014,0.1854,-0.10939,0.01
1.3041e-10,5.9078e-19,5.7956e-10,1,0.076385,0.1854,-0.10902,0.01
1.3077e-10,5.9421e-19,5.887e-10,1,0.076756,0.1854,-0.10864,0.01
1.3112e-10,5.9764e-19,5.9784e-10,1,0.077126,0.1854,-0.10827,0.01
1.3147e-10,6.0107e-19,6.0697e-10,1,0.077497,0.1854,-0.1079,0.01
1.3183e-10,6.0443e-19,6.2282e-10,1,0.077868,0.1854,-0.10753,0.01
1.3222e-10,6.0767e-19,6.5129e-10,1,0.078239,0.1854,-0.10716,0.01
1.3262e-10,6.1061e-19,7.1038e-10,1,0.07861,0.1854,-0.10679,0.01
1.3303e-10,6.1353e-19,7.7153e-10,1,0.07898,0.1854,-0.10642,0.01
1.3343e-10,6.1645e-19,8.3268e-10,1,0.079351,0.1854,-0.10605,0.01
1.3384e-10,6.1937e-19,8.9383e-10,1,0.079722,0.1854,-0.10568,0.01
1.3424e-10,6.2229e-19,9.5498e-10,1,0.080093,0.1854,-0.10531,0.01
1.3465e-10,6.2521e-19,1.0161e-09,1,0.080464,0.1854,-0.10494,0.01
1.3505e-10,6.2813e-19,1.0773e-09,1,0.080834,0.1854,-0.10457,0.01
1.3546e-10,6.3077e-19,1.106e-09,1,0.081205,0.1854,-0.10419,0.01
1.3587e-10,6.3333e-19,1.1213e-09,1,0.081576,0.1854,-0.10382,0.01
1.3629e-10,6.3587e-19,1.1355e-09,1,0.081947,0.1854,-0.10345,0.01
1.367e-10,6.3834e-19,1.1407e-09,1,0.082318,0.1854,-0.10308,0.01
1.3711e-10,6.4079e-19,1.1419e-09,1,0.082688,0.1854,-0.10271,0.01
1.3752e-10,6.432e-19,1.1389e-09,1,0.083059,0.1854,-0.10234,0.01
1.3793e-10,6.456e-19,1.1335e-09,1,0.08343,0.1854,-0.10197,0.01
1.3835e-10,6.48e-19,1.1281e-09,1,0.083801,0.1854,-0.1016,0.01
1.3876e-10,6.5039e-19,1.1209e-09,1,0.084172,0.1854,-0.10123,0.01
1.3917e-10,6.5278e-19,1.1121e-09,1,0.084542,0.1854,-0.10086,0.01
1.3959e-10,6.5518e-19,1.1033e-09,1,0.084913,0.1854,-0.10049,0.01
1.4e-10,6.5762e-19,1.0926e-09,1,0.085284,0.1854,-0.10012,0.01
1.4042e-10,6.6006e-19,1.0818e-09,1,0.085655,0.1854,-0.099745,0.01
1.4083e-10,6.6251e-19,1.071e-09,1,0.086026,0.1854,-0.099374,0.01
1.4125e-10,6.6497e-19,1.06e-09,1,0.086396,0.1854,-0.099004,0.01
1.4167e-10,6.6748e-19,1.0482e-09,1,0.086767,0.1854,-0.098633,0.01
1.4209e-10,6.7006e-19,1.0358e-09,1,0.087138,0.1854,-0.098262,0.01
1.4252e-10,6.7265e-19,1.0233e-09,1,0.087509,0.1854,-0.097891,0.01
1.4294e-10,6.7525e-19,1.0108e-09,1,0.08788,0.1854,-0.09752,0.01
1.4337e-10,6.7786e-19,9.9825e-10,1,0.08825,0.1854,-0.09715,0.01
1.438e-10,6.8058e-19,9.8521e-10,1,0.088621,0.1854,-0.096779,0.01
1.4423e-10,6.833e-19,9.7218e-10,1,0.088992,0.1854,-0.096408,0.01
1.4466e-10,6.8612e-19,9.5889e-10,1,0.089363,0.1854,-0.096037,0.01
1.451e-10,6.8897e-19,9.455e-10,1,0.089734,0.1854,-0.095666,0.01
1.4554e-10,6.9182e-19,9.3211e-10,1,0.090104,0.1854,-0.095296,0.01
1.4598e-10,6.9467e-19,9.1872e-10,1,0.090475,0.1854,-0.094925,0.01
1.4643e-10,6.9782e-19,9.0497e-10,1,0.090846,0.1854,-0.094554,0.01
1.4688e-10,7.0097e-19,8.9121e-10,1,0.091217,0.1854,-0.094183,0.01
1.4734e-10,7.0412e-19,8.7746e-10,1,0.091588,0.1854,-0.093812,0.01
1.4779e-10,7.0727e-19,8.637e-10,1,0.091958,0.1854,-0.093442,0.01
1.4825e-10,7.1043e-19,8.4994e-10,1,0.092329,0.1854,-0.093071,0.01
1.487e-10,7.1358e-19,8.3619e-10,1,0.0927,0.1854,-0.0927,0.01
1.4915e-10,7.1673e-19,8.2243e-10,1,0.093071,0.1854,-0.092329,0.01
1.4961e-10,7.1988e-19,8.0867e-10,1,0.093442,0.1854,-0.091958,0.01
1.5006e-10,7.2304e-19,7.9492e-10,1,0.093812,0.1854,-0.091588,0.01
1.5052e-10,7.2621e-19,7.8118e-10,1,0.094183,0.1854,-0.091217,0.01
1.51e-10,7.2979e-19,7.6777e-10,1,0.094554,0.1854,-0.090846,0.01
1.5148e-10,7.3336e-19,7.5437e-10,1,0.094925,0.1854,-0.090475,0.01
1.5196e-10,7.3694e-19,7.4097e-10,1,0.095296,0.1854,-0.090104,0.01
1.5244e-10,7.4052e-19,7.2756e-10,1,0.095666,0.1854,-0.089734,0.01
1.5292e-10,7.441e-19,7.1416e-10,1,0.096037,0.1854,-0.089363,0.01
1.534e-10,7.4767e-19,7.0076e-10,1,0.096408,0.1854,-0.088992,0.01
1.5389e-10,7.5125e-19,6.8735e-10,1,0.096779,0.1854,-0.088621,0.01
1.5437e-10,7.5483e-19,6.7395e-10,1,0.09715,0.1854,-0.08825,0.01
1.5485e-10,7.5841e-19,6.6055e-10,1,0.09752,0.1854,-0.08788,0.01
1.5533e-10,7.6202e-19,6.4725e-10,1,0.097891,0.1854,-0.087509,0.01
1.5583e-10,7.6591e-19,6.3479e-10,1,0.098262,0.1854,-0.087138,0.01
1.5634e-10,7.6981e-19,6.2233e-10,1,0.098633,0.1854,-0.086767,0.01
1.5684e-10,7.737e-19,6.0987e-10,1,0.099004,0.1854,-0.086396,0.01
1.5734e-10,7.776e-19,5.9741e-10,1,0.099374,0.1854,-0.086026,0.01
1.5785e-10,7.8149e-19,5.8495e-10,1,0.099745,0.1854,-0.085655,0.01
1.5837e-10,7.8563e-19,5.7396e-10,1,0.10012,0.1854,-0.085284,0.01
1.589e-10,7.8986e-19,5.6354e-10,1,0.10049,0.1854,-0.084913,0.01
1.5942e-10,7.9409e-19,5.5312e-10,1,0.10086,0.1854,-0.084542,0.01
1.5995e-10,7.9832e-19,5.427e-10,1,0.10123,0.1854,-0.084172,0.01
1.6048e-10,8.0255e-19,5.3228e-10,1,0.1016,0.1854,-0.083801,0.01
1.6101e-10,8.0678e-19,5.2186e-10,1,0.10197,0.1854,-0.08343,0.01
1.6153e-10,8.1101e-19,5.1144e-10,1,0.10234,0.1854,-0.083059,0.01
1.6206e-10,8.1524e-19,5.0102e-10,1,0.10271,0.1854,-0.082688,0.01
1.6259e-10,8.1947e-19,4.906e-10,1,0.10308,0.1854,-0.082318,0.01
1.6312e-10,8.237e-19,4.8018e-10,1,0.10345,0.1854,-0.081947,0.01
1.6364e-10,8.2794e-19,4.6976e-10,1,0.10382,0.1854,-0.081576,0.01
1.6419e-10,8.3243e-19,4.62e-10,1,0.10419,0.1854,-0.081205,0.01
1.6475e-10,8.3716e-19,4.5657e-10,1,0.10457,0.1854,-0.080834,0.01
1.6531e-10,8.4188e-19,4.5113e-10,1,0.10494,0.1854,-0.080464,0.01
1.6588e-10,8.4661e-19,4.4569e-10,1,0.10531,0.1854,-0.080093,0.01
1.6644e-10,8.5134e-19,4.4026e-10,1,0.10568,0.1854,-0.079722,0.01
1.67e-10,8.5606e-19,4.3482e-10,1,0.10605,0.1854,-0.079351,0.01
1.6756e-10,8.6079e-19,4.2938e-10,1,0.10642,0.1854,-0.07898,0.01
1.6813e-10,8.6551e-19,4.2395e-10,1,0.10679,0.1854,-0.07861,0.01
1.6869e-10,8.7024e-19,4.1851e-10,1,0.10716,0.1854,-0.078239,0.01
1.6925e-10,8.7497e-19,4.1307e-10,1,0.10753,0.1854,-0.077868,0.01
1.6982e-10,8.7969e-19,4.0764e-10,1,0.1079,0.1854,-0.077497,0.01
1.7039e-10,8.8456e-19,4.039e-10,1,0.10827,0.1854,-0.077126,0.01
1.7098e-10,8.8969e-19,4.0337e-10,1,0.10864,0.1854,-0.076756,0.01
1.7157e-10,8.9482e-19,4.0283e-10,1,0.10902,0.1854,-0.076385,0.01
1.7216e-10,8.9995e-19,4.0229e-10,1,0.10939,0.1854,-0.076014,0.01
1.7275e-10,9.0508e-19,4.0175e-10,1,0.10976,0.1854,-0.075643,0.01
1.7336e-10,9.106e-19,4.0479e-10,1,0.11013,0.1854,-0.075272,0.01
1.7398e-10,9.1625e-19,4.09e-10,1,0.1105,0.1854,-0.074902,0.01
1.746e-10,9.2191e-19,4.1322e-10,1,0.11087,0.1854,-0.074531,0.01
1.7522e-10,9.2756e-19,4.1743e-10,1,0.11124,0.1854,-0.07416,0.01
1.7584e-10,9.3321e-19,4.2165e-10,1,0.11161,0.1854,-0.073789,0.01
1.7646e-10,9.3887e-19,4.2587e-10,1,0.11198,0.1854,-0.073418,0.01
1.7708e-10,9.4452e-19,4.3008e-10,1,0.11235,0.1854,-0.073048,0.01
1.777e-10,9.5017e-19,4.343e-10,1,0.11272,0.1854,-0.072677,0.01
1.7832e-10,9.5583e-19,4.3851e-10,1,0.11309,0.1854,-0.072306,0.01
1.7893e-10,9.6148e-19,4.4273e-10,1,0.11346,0.1854,-0.071935,0.01
1.7955e-10,9.6714e-19,4.4694e-10,1,0.11384,0.1854,-0.071564,0.01
1.8019e-10,9.7304e-19,4.5279e-10,1,0.11421,0.1854,-0.071194,0.01
1.8084e-10,9.7928e-19,4.6035e-10,1,0.11458,0.1854,-0.070823,0.01
1.8152e-10,9.8615e-19,4.696e-10,1,0.11495,0.1854,-0.070452,0.01
1.822e-10,9.9302e-19,4.7885e-10,1,0.11532,0.1854,-0.070081,0.01
1.8288e-10,9.9988e-19,4.8809e-10,1,0.11569,0.1854,-0.06971,0.01
1.8356e-10,1.0068e-18,4.9734e-10,1,0.11606,0.1854,-0.06934,0.01
1.8425e-10,1.0136e-18,5.0659e-10,1,0.11643,0.1854,-0.068969,0.01
1.8493e-10,1.0205e-18,5.1584e-10,1,0.1168,0.1854,-0.068598,0.01
1.8561e-10,1.0274e-18,5.2509e-10,1,0.11717,0.1854,-0.068227,0.01
1.8629e-10,1.0342e-18,5.3434e-10,1,0.11754,0.1854,-0.067856,0.01
1.8697e-10,1.0411e-18,5.4359e-10,1,0.11791,0.1854,-0.067486,0.01
1.8765e-10,1.048e-18,5.5283e-10,1,0.11829,0.1854,-0.067115,0.01
1.8833e-10,1.0548e-18,5.6208e-10,1,0.11866,0.1854,-0.066744,0.01
1.8901e-10,1.0617e-18,5.7133e-10,1,0.11903,0.1854,-0.066373,0.01
1.8969e-10,1.0686e-18,5.8058e-10,1,0.1194,0.1854,-0.066002,0.01
1.904e-10,1.0758e-18,5.903e-10,1,0.11977,0.1854,-0.065632,0.01
1.9113e-10,1.0836e-18,6.005e-10,1,0.12014,0.1854,-0.065261,0.01
1.9189e-10,1.0916e-18,6.1076e-10,1,0.12051,0.1854,-0.06489,0.01
1.9265e-10,1.0997e-18,6.2102e-10,1,0.12088,0.1854,-0.064519,0.01
1.934e-10,1.1078e-18,6.3128e-10,1,0.12125,0.1854,-0.064148,0.01
1.9416e-10,1.1159e-18,6.4154e-10,1,0.12162,0.1854,-0.063778,0.01
1.9491e-10,1.1239e-18,6.5181e-10,1,0.12199,0.1854,-0.063407,0.01
1.9567e-10,1.1321e-18,6.6202e-10,1,0.12236,0.1854,-0.063036,0.01
1.965e-10,1.1407e-18,6.7141e-10,1,0.12273,0.1854,-0.062665,0.01
1.9732e-10,1.1494e-18,6.808e-10,1,0.12311,0.1854,-0.062294,0.01
1.9815e-10,1.1581e-18,6.9018e-10,1,0.12348,0.1854,-0.061924,0.01
1.9897e-10,1.1668e-18,6.9957e-10,1,0.12385,0.1854,-0.061553,0.01
1.998e-10,1.1755e-18,7.0896e-10,1,0.12422,0.1854,-0.061182,0.01
2.0062e-10,1.1842e-18,7.1835e-10,1,0.12459,0.1854,-0.060811,0.01
2.0145e-10,1.1928e-18,7.2774e-10,1,0.12496,0.1854,-0.06044,0.01
2.0228e-10,1.2015e-18,7.3713e-10,1,0.12533,0.1854,-0.06007,0.01
2.0312e-10,1.2102e-18,7.4568e-10,1,0.1257,0.1854,-0.059699,0.01
2.0406e-10,1.2188e-18,7.4999e-10,1,0.12607,0.1854,-0.059328,0.01
2.0499e-10,1.2274e-18,7.543e-10,1,0.12644,0.1854,-0.058957,0.01
2.0593e-10,1.236e-18,7.586e-10,1,0.12681,0.1854,-0.058586,0.01
2.0687e-10,1.2446e-18,7.6291e-10,1,0.12718,0.1854,-0.058216,0.01
2.078e-10,1.2532e-18,7.6722e-10,1,0.12756,0.1854,-0.057845,0.01
2.0875e-10,1.2618e-18,7.7058e-10,1,0.12793,0.1854,-0.057474,0.01
2.0978e-10,1.2696e-18,7.6132e-10,1,0.1283,0.1854,-0.057103,0.01
2.108e-10,1.2774e-18,7.5205e-10,1,0.12867,0.1854,-0.056732,0.01
2.1186e-10,1.2849e-18,7.3677e-10,1,0.12904,0.1854,-0.056362,0.01
2.1295e-10,1.2917e-18,7.1136e-10,1,0.12941,0.1854,-0.055991,0.01
2.1404e-10,1.2986e-18,6.8596e-10,1,0.12978,0.1854,-0.05562,0.01
2.1516e-10,1.3047e-18,6.5873e-10,1,0.13015,0.1854,-0.055249,0.01
2.163e-10,1.3104e-18,6.3061e-10,1,0.13052,0.1854,-0.054878,0.01
2.1746e-10,1.3157e-18,6.2439e-10,1,0.13089,0.1854,-0.054508,0.01
2.1864e-10,1.3199e-18,7.1074e-10,1,0.13126,0.1854,-0.054137,0.01
2.1987e-10,1.3218e-18,9.4765e-10,1,0.13163,0.1854,-0.053766,0.01
2.2109e-10,1.3236e-18,1.1846e-09,1,0.132,0.1854,-0.053395,0.01
2.2232e-10,1.3255e-18,1.4215e-09,1,0.13238,0.1854,-0.053024,0.01
2.2354e-10,1.3273e-18,1.6584e-09,1,0.13275,0.1854,-0.052654,0.01
2.2477e-10,1.3292e-18,1.8953e-09,1,0.13312,0.1854,-0.052283,0.01
2.26e-10,1.331e-18,2.1322e-09,1,0.13349,0.1854,-0.051912,0.01
2.2722e-10,1.3329e-18,2.3691e-09,1,0.13386,0.1854,-0.051541,0.01
2.2832e-10,1.3319e-18,2.4606e-09,1,0.13423,0.1854,-0.05117,0.01
2.2941e-10,1.3306e-18,2.5339e-09,1,0.1346,0.1854,-0.0508,0.01
2.3048e-10,1.329e-18,2.5969e-09,1,0.13497,0.1854,-0.050429,0.01
2.3147e-10,1.3265e-18,2.6162e-09,1,0.13534,0.1854,-0.050058,0.01
2.3247e-10,1.3239e-18,2.6355e-09,1,0.13571,0.1854,-0.049687,0.01
2.3343e-10,1.3209e-18,2.6437e-09,1,0.13608,0.1854,-0.049316,0.01
2.3435e-10,1.3175e-18,2.6404e-09,1,0.13645,0.1854,-0.048946,0.01
2.3526e-10,1.3141e-18,2.6372e-09,1,0.13683,0.1854,-0.048575,0.01
2.3609e-10,1.3101e-18,2.6221e-09,1,0.1372,0.1854,-0.048204,0.01
2.3689e-10,1.3059e-18,2.604e-09,1,0.13757,0.1854,-0.047833,0.01
2.3769e-10,1.3018e-18,2.5858e-09,1,0.13794,0.1854,-0.047462,0.01
2.3849e-10,1.2977e-18,2.5677e-09,1,0.13831,0.1854,-0.047092,0.01
2.393e-10,1.2935e-18,2.5496e-09,1,0.13868,0.1854,-0.046721,0.01
2.4009e-10,1.2894e-18,2.5311e-09,1,0.13905,0.1854,-0.04635,0.01
2.4074e-10,1.2851e-18,2.5048e-09,1,0.13942,0.1854,-0.045979,0.01
2.4139e-10,1.2809e-18,2.4785e-09,1,0.13979,0.1854,-0.045608,0.01
2.4204e-10,1.2767e-18,2.4523e-09,1,0.14016,0.1854,-0.045238,0.01
2.4268e-10,1.2725e-18,2.426e-09,1,0.14053,0.1854,-0.044867,0.01
2.4333e-10,1.2683e-18,2.3997e-09,1,0.1409,0.1854,-0.044496,0.01
2.4398e-10,1.264e-18,2.3735e-09,1,0.14127,0.1854,-0.044125,0.01
2.4463e-10,1.2598e-18,2.3472e-09,1,0.14165,0.1854,-0.043754,0.01
2.4527e-10,1.2556e-18,2.321e-09,1,0.14202,0.1854,-0.043384,0.01
2.4592e-10,1.2514e-18,2.2947e-09,1,0.14239,0.1854,-0.043013,0.01
2.4657e-10,1.2471e-18,2.2684e-09,1,0.14276,0.1854,-0.042642,0.01
2.4722e-10,1.2429e-18,2.2422e-09,1,0.14313,0.1854,-0.042271,0.01
2.4777e-10,1.2391e-18,2.2138e-09,1,0.1435,0.1854,-0.0419,0.01
2.4831e-10,1.2354e-18,2.1851e-09,1,0.14387,0.1854,-0.04153,0.01
2.4885e-10,1.2317e-18,2.1563e-09,1,0.14424,0.1854,-0.041159,0.01
2.4939e-10,1.228e-18,2.1276e-09,1,0.14461,0.1854,-0.040788,0.01
2.4993e-10,1.2243e-18,2.0988e-09,1,0.14498,0.1854,-0.040417,0.01
2.5046e-10,1.2206e-18,2.0701e-09,1,0.14535,0.1854,-0.040046,0.01
2.51e-10,1.2168e-18,2.0413e-09,1,0.14572,0.1854,-0.039676,0.01
2.5154e-10,1.2131e-18,2.0126e-09,1,0.1461,0.1854,-0.039305,0.01
2.5208e-10,1.2094e-18,1.9838e-09,1,0.14647,0.1854,-0.038934,0.01
2.5262e-10,1.2057e-18,1.9551e-09,1,0.14684,0.1854,-0.038563,0.01
2.5315e-10,1.202e-18,1.9263e-09,1,0.14721,0.1854,-0.038192,0.01
2.5364e-10,1.1985e-18,1.8976e-09,1,0.14758,0.1854,-0.037822,0.01
2.5411e-10,1.1951e-18,1.8689e-09,1,0.14795,0.1854,-0.037451,0.01
2.5457e-10,1.1917e-18,1.8401e-09,1,0.14832,0.1854,-0.03708,0.01
2.5503e-10,1.1883e-18,1.8114e-09,1,0.14869,0.1854,-0.036709,0.01
2.5549e-10,1.1848e-18,1.7827e-09,1,0.14906,0.1854,-0.036338,0.01
2.5595e-10,1.1814e-18,1.754e-09,1,0.14943,0.1854,-0.035968,0.01
2.5641e-10,1.178e-18,1.7252e-09,1,0.1498,0.1854,-0.035597,0.01
2.5688e-10,1.1746e-18,1.6965e-09,1,0.15017,0.1854,-0.035226,0.01
2.5734e-10,1.1712e-18,1.6678e-09,1,0.15054,0.1854,-0.034855,0.01
2.578e-10,1.1678e-18,1.6391e-09,1,0.15092,0.1854,-0.034484,0.01
2.5826e-10,1.1644e-18,1.6103e-09,1,0.15129,0.1854,-0.034114,0.01
2.587e-10,1.161e-18,1.5825e-09,1,0.15166,0.1854,-0.033743,0.01
2.5909e-10,1.1575e-18,1.5562e-09,1,0.15203,0.1854,-0.033372,0.01
2.5949e-10,1.154e-18,1.5298e-09,1,0.1524,0.1854,-0.033001,0.01
2.5989e-10,1.1506e-18,1.5035e-09,1,0.15277,0.1854,-0.03263,0.01
2.6028e-10,1.1471e-18,1.4771e-09,1,0.15314,0.1854,-0.03226,0.01
2.6068e-10,1.1437e-18,1.4508e-09,1,0.15351,0.1854,-0.031889,0.01
2.6108e-10,1.1402e-18,1.4244e-09,1,0.15388,0.1854,-0.031518,0.01
2.6147e-10,1.1367e-18,1.3981e-09,1,0.15425,0.1854,-0.031147,0.01
2.6187e-10,1.1333e-18,1.3717e-09,1,0.15462,0.1854,-0.030776,0.01
2.6226e-10,1.1298e-18,1.3454e-09,1,0.15499,0.1854,-0.030406,0.01
2.6266e-10,1.1263e-18,1.3191e-09,1,0.15537,0.1854,-0.030035,0.01
2.6305e-10,1.1228e-18,1.2931e-09,1,0.15574,0.1854,-0.029664,0.01
2.6341e-10,1.1193e-18,1.2695e-09,1,0.15611,0.1854,-0.029293,0.01
2.6375e-10,1.1156e-18,1.2498e-09,1,0.15648,0.1854,-0.028922,0.01
2.6407e-10,1.1118e-18,1.2313e-09,1,0.15685,0.1854,-0.028552,0.01
2.6439e-10,1.1081e-18,1.2128e-09,1,0.15722,0.1854,-0.028181,0.01
2.6472e-10,1.1044e-18,1.1943e-09,1,0.15759,0.1854,-0.02781,0.01
2.6504e-10,1.1006e-18,1.1758e-09,1,0.15796,0.1854,-0.027439,0.01
2.6536e-10,1.0969e-18,1.1573e-09,1,0.15833,0.1854,-0.027068,0.01
2.6569e-10,1.0932e-18,1.1388e-09,1,0.1587,0.1854,-0.026698,0.01
2.6601e-10,1.0894e-18,1.1203e-09,1,0.15907,0.1854,-0.026327,0.01
2.6633e-10,1.0857e-18,1.1018e-09,1,0.15944,0.1854,-0.025956,0.01
2.6666e-10,1.082e-18,1.0833e-09,1,0.15981,0.1854,-0.025585,0.01
2.6698e-10,1.0782e-18,1.0648e-09,1,0.16019,0.1854,-0.025214,0.01
2.673e-10,1.0745e-18,1.0463e-09,1,0.16056,0.1854,-0.024844,0.01
2.6762e-10,1.0708e-18,1.0282e-09,1,0.16093,0.1854,-0.024473,0.01
2.6788e-10,1.067e-18,1.024e-09,1,0.1613,0.1854,-0.024102,0.01
2.6813e-10,1.0632e-18,1.0198e-09,1,0.16167,0.1854,-0.023731,0.01
2.6839e-10,1.0594e-18,1.0156e-09,1,0.16204,0.1854,-0.02336,0.01
2.6865e-10,1.0555e-18,1.0114e-09,1,0.16241,0.1854,-0.02299,0.01
2.689e-10,1.0517e-18,1.0072e-09,1,0.16278,0.1854,-0.022619,0.01
2.6916e-10,1.0479e-18,1.003e-09,1,0.16315,0.1854,-0.022248,0.01
2.6941e-10,1.0441e-18,9.9881e-10,1,0.16352,0.1854,-0.021877,0.01
2.6967e-10,1.0403e-18,9.9461e-10,1,0.16389,0.1854,-0.021506,0.01
2.6992e-10,1.0365e-18,9.9041e-10,1,0.16426,0.1854,-0.021136,0.01
2.7018e-10,1.0327e-18,9.8621e-10,1,0.16464,0.1854,-0.020765,0.01
2.7043e-10,1.0289e-18,9.82e-10,1,0.16501,0.1854,-0.020394,0.01
2.7069e-10,1.0251e-18,9.778e-10,1,0.16538,0.1854,-0.020023,0.01
2.7093e-10,1.0215e-18,9.7789e-10,1,0.16575,0.1854,-0.019652,0.01
2.7112e-10,1.0183e-18,9.8913e-10,1,0.16612,0.1854,-0.019282,0.01
2.7131e-10,1.0151e-18,1.0004e-09,1,0.16649,0.1854,-0.018911,0.01
2.7151e-10,1.0119e-18,1.0116e-09,1,0.16686,0.1854,-0.01854,0.01
2.717e-10,1.0087e-18,1.0229e-09,1,0.16723,0.1854,-0.018169,0.01
2.7189e-10,1.0055e-18,1.0341e-09,1,0.1676,0.1854,-0.017798,0.01
2.7208e-10,1.0023e-18,1.0454e-09,1,0.16797,0.1854,-0.017428,0.01
2.7228e-10,9.991e-19,1.0566e-09,1,0.16834,0.1854,-0.017057,0.01
2.7247e-10,9.959e-19,1.0679e-09,1,0.16871,0.1854,-0.016686,0.01
2.7266e-10,9.927e-19,1.0791e-09,1,0.16908,0.1854,-0.016315,0.01
2.7285e-10,9.895e-19,1.0903e-09,1,0.16946,0.1854,-0.015944,0.01
2.7305e-10,9.8631e-19,1.1016e-09,1,0.16983,0.1854,-0.015574,0.01
2.7323e-10,9.8336e-19,1.1141e-09,1,0.1702,0.1854,-0.015203,0.01
2.7337e-10,9.8194e-19,1.1344e-09,1,0.17057,0.1854,-0.014832,0.01
2.7352e-10,9.8052e-19,1.1546e-09,1,0.17094,0.1854,-0.014461,0.01
2.7366e-10,9.791e-19,1.1748e-09,1,0.17131,0.1854,-0.01409,0.01
2.738e-10,9.7768e-19,1.1951e-09,1,0.17168,0.1854,-0.01372,0.01
2.7395e-10,9.7626e-19,1.2153e-09,1,0.17205,0.1854,-0.013349,0.01
2.7409e-10,9.7484e-19,1.2356e-09,1,0.17242,0.1854,-0.012978,0.01
2.7423e-10,9.7342e-19,1.2558e-09,1,0.17279,0.1854,-0.012607,0.01
2.7438e-10,9.72e-19,1.2761e-09,1,0.17316,0.1854,-0.012236,0.01
2.7452e-10,9.7058e-19,1.2963e-09,1,0.17353,0.1854,-0.011866,0.01
2.7466e-10,9.6917e-19,1.3166e-09,1,0.17391,0.1854,-0.011495,0.01
2.7481e-10,9.6775e-19,1.3368e-09,1,0.17428,0.1854,-0.011124,0.01
2.7495e-10,9.6634e-19,1.3571e-09,1,0.17465,0.1854,-0.010753,0.01
2.7508e-10,9.676e-19,1.379e-09,1,0.17502,0.1854,-0.010382,0.01
2.7522e-10,9.6886e-19,1.4008e-09,1,0.17539,0.1854,-0.010012,0.01
2.7536e-10,9.7011e-19,1.4227e-09,1,0.17576,0.1854,-0.0096408,0.01
2.7549e-10,9.7137e-19,1.4446e-09,1,0.17613,0.1854,-0.00927,0.01
2.7563e-10,9.7263e-19,1.4664e-09,1,0.1765,0.1854,-0.0088992,0.01
2.7577e-10,9.7388e-19,1.4883e-09,1,0.17687,0.1854,-0.0085284,0.01
2.759e-10,9.7514e-19,1.5102e-09,1,0.17724,0.1854,-0.0081576,0.01
2.7604e-10,9.764e-19,1.532e-09,1,0.17761,0.1854,-0.0077868,0.01
2.7618e-10,9.7765e-19,1.5539e-09,1,0.17798,0.1854,-0.007416,0.01
2.7631e-10,9.7891e-19,1.5758e-09,1,0.17835,0.1854,-0.0070452,0.01
2.7645e-10,9.8017e-19,1.5976e-09,1,0.17873,0.1854,-0.0066744,0.01
2.7659e-10,9.8142e-19,1.6195e-09,1,0.1791,0.1854,-0.0063036,0.01
2.768e-10,9.8368e-19,1.6334e-09,1,0.17947,0.1854,-0.0059328,0.01
2.7702e-10,9.8609e-19,1.6462e-09,1,0.17984,0.1854,-0.005562,0.01
2.7724e-10,9.885e-19,1.659e-09,1,0.18021,0.1854,-0.0051912,0.01
2.7747e-10,9.909e-19,1.6717e-09,1,0.18058,0.1854,-0.0048204,0.01
2.777e-10,9.932e-19,1.6822e-09,1,0.18095,0.1854,-0.0044496,0.01
2.7799e-10,9.9475e-19,1.678e-09,1,0.18132,0.1854,-0.0040788,0.01
2.7828e-10,9.963e-19,1.6738e-09,1,0.18169,0.1854,-0.003708,0.01
2.786e-10,9.9723e-19,1.6575e-09,1,0.18206,0.1854,-0.0033372,0.01
2.7895e-10,9.9738e-19,1.6256e-09,1,0.18243,0.1854,-0.0029664,0.01
2.793e-10,9.9752e-19,1.5937e-09,1,0.1828,0.1854,-0.0025956,0.01
2.7969e-10,9.9618e-19,1.5279e-09,1,0.18318,0.1854,-0.0022248,0.01
2.801e-10,9.9431e-19,1.4504e-09,1,0.18355,0.1854,-0.001854,0.01
2.8051e-10,9.9228e-19,1.3829e-09,1,0.18392,0.1854,-0.0014832,0.01
2.8097e-10,9.8664e-19,1.5287e-09,1,0.18429,0.1854,-0.0011124,0.01
2.8144e-10,9.8101e-19,1.6745e-09,1,0.18466,0.1854,-0.0007416,0.01
2.819e-10,9.7537e-19,1.8203e-09,1,0.18503,0.1854,-0.0003708,0.01
2.8237e-10,9.6974e-19,1.9661e-09,1,0.1854,0.1854,0,0.01
2.828e-10,9.6272e-19,2.1863e-09,1,0.18577,0.1854,0.0003708,0.01
2.8316e-10,9.5264e-19,2.5708e-09,1,0.18614,0.1854,0.0007416,0.01
2.8353e-10,9.4256e-19,2.9553e-09,1,0.18651,0.1854,0.0011124,0.01
2.839e-10,9.3248e-19,3.3398e-09,1,0.18688,0.1854,0.0014832,0.01
2.8412e-10,9.1949e-19,3.5166e-09,1,0.18725,0.1854,0.001854,0.01
2.8433e-10,9.0636e-19,3.6835e-09,1,0.18762,0.1854,0.0022248,0.01
2.8451e-10,8.9268e-19,3.8206e-09,1,0.188,0.1854,0.0025956,0.01
2.8457e-10,8.7738e-19,3.8721e-09,1,0.18837,0.1854,0.0029664,0.01
2.8463e-10,8.6208e-19,3.9236e-09,1,0.18874,0.1854,0.0033372,0.01
2.846e-10,8.4589e-19,3.9472e-09,1,0.18911,0.1854,0.003708,0.01
2.8451e-10,8.2902e-19,3.9492e-09,1,0.18948,0.1854,0.0040788,0.01
2.8441e-10,8.1214e-19,3.9511e-09,1,0.18985,0.1854,0.0044496,0.01
2.8418e-10,7.9438e-19,3.9324e-09,1,0.19022,0.1854,0.0048204,0.01
2.8393e-10,7.7649e-19,3.9105e-09,1,0.19059,0.1854,0.0051912,0.01
2.8368e-10,7.586e-19,3.8886e-09,1,0.19096,0.1854,0.005562,0.01
2.8325e-10,7.4145e-19,3.8561e-09,1,0.19133,0.1854,0.0059328,0.01
2.8266e-10,7.2502e-19,3.8132e-09,1,0.1917,0.1854,0.0063036,0.01
2.8207e-10,7.0859e-19,3.7703e-09,1,0.19207,0.1854,0.0066744,0.01
2.8148e-10,6.9215e-19,3.7275e-09,1,0.19245,0.1854,0.0070452,0.01
2.8089e-10,6.7572e-19,3.6846e-09,1,0.19282,0.1854,0.007416,0.01
2.803e-10,6.5928e-19,3.6417e-09,1,0.19319,0.1854,0.0077868,0.01
2.7971e-10,6.4285e-19,3.5988e-09,1,0.19356,0.1854,0.0081576,0.01
2.7912e-10,6.2642e-19,3.556e-09,1,0.19393,0.1854,0.0085284,0.01
2.7853e-10,6.0998e-19,3.5131e-09,1,0.1943,0.1854,0.0088992,0.01
2.7794e-10,5.9355e-19,3.4702e-09,1,0.19467,0.1854,0.00927,0.01
2.7735e-10,5.7712e-19,3.4273e-09,1,0.19504,0.1854,0.0096408,0.01
2.7676e-10,5.6068e-19,3.3844e-09,1,0.19541,0.1854,0.010012,0.01
2.7606e-10,5.4617e-19,3.3391e-09,1,0.19578,0.1854,0.010382,0.01
2.7518e-10,5.3489e-19,3.2895e-09,1,0.19615,0.1854,0.010753,0.01
2.7429e-10,5.2362e-19,3.24e-09,1,0.19652,0.1854,0.011124,0.01
2.7341e-10,5.1234e-19,3.1904e-09,1,0.19689,0.1854,0.011495,0.01
2.7253e-10,5.0107e-19,3.1409e-09,1,0.19727,0.1854,0.011866,0.01
2.7164e-10,4.8979e-19,3.0913e-09,1,0.19764,0.1854,0.012236,0.01
2.7076e-10,4.7852e-19,3.0418e-09,1,0.19801,0.1854,0.012607,0.01
2.6988e-10,4.6725e-19,2.9922e-09,1,0.19838,0.1854,0.012978,0.01
2.6899e-10,4.5597e-19,2.9427e-09,1,0.19875,0.1854,0.013349,0.01
2.6811e-10,4.447e-19,2.8931e-09,1,0.19912,0.1854,0.01372,0.01
2.6722e-10,4.3342e-19,2.8436e-09,1,0.19949,0.1854,0.01409,0.01
2.6634e-10,4.2215e-19,2.794e-09,1,0.19986,0.1854,0.014461,0.01
2.6541e-10,4.1241e-19,2.744e-09,1,0.20023,0.1854,0.014832,0.01
2.6435e-10,4.0766e-19,2.6926e-09,1,0.2006,0.1854,0.015203,0.01
2.6328e-10,4.0291e-19,2.6412e-09,1,0.20097,0.1854,0.015574,0.01
2.6222e-10,3.9816e-19,2.5898e-09,1,0.20134,0.1854,0.015944,0.01
2.6115e-10,3.9341e-19,2.5384e-09,1,0.20172,0.1854,0.016315,0.01
2.6009e-10,3.8866e-19,2.487e-09,1,0.20209,0.1854,0.016686,0.01
2.5902e-10,3.839e-19,2.4356e-09,1,0.20246,0.1854,0.017057,0.01
2.5795e-10,3.7915e-19,2.3842e-09,1,0.20283,0.1854,0.017428,0.01
2.5689e-10,3.744e-19,2.3328e-09,1,0.2032,0.1854,0.017798,0.01
2.5582e-10,3.6965e-19,2.2814e-09,1,0.20357,0.1854,0.018169,0.01
2.5476e-10,3.649e-19,2.23e-09,1,0.20394,0.1854,0.01854,0.01
2.5369e-10,3.6015e-19,2.1786e-09,1,0.20431,0.1854,0.018911,0.01
2.5261e-10,3.5591e-19,2.1274e-09,1,0.20468,0.1854,0.019282,0.01
2.5143e-10,3.5626e-19,2.0782e-09,1,0.20505,0.1854,0.019652,0.01
2.5024e-10,3.5662e-19,2.029e-09,1,0.20542,0.1854,0.020023,0.01
2.4905e-10,3.5697e-19,1.9798e-09,1,0.20579,0.1854,0.020394,0.01
2.4786e-10,3.5733e-19,1.9307e-09,1,0.20616,0.1854,0.020765,0.01
2.4667e-10,3.5769e-19,1.8815e-09,1,0.20654,0.1854,0.021136,0.01
2.4548e-10,3.5804e-19,1.8323e-09,1,0.20691,0.1854,0.021506,0.01
2.443e-10,3.584e-19,1.7831e-09,1,0.20728,0.1854,0.021877,0.01
2.4311e-10,3.5876e-19,1.7339e-09,1,0.20765,0.1854,0.022248,0.01
2.4192e-10,3.5911e-19,1.6848e-09,1,0.20802,0.1854,0.022619,0.01
2.4073e-10,3.5947e-19,1.6356e-09,1,0.20839,0.1854,0.02299,0.01
2.3954e-10,3.5982e-19,1.5864e-09,1,0.20876,0.1854,0.02336,0.01
2.3835e-10,3.6018e-19,1.5372e-09,1,0.20913,0.1854,0.023731,0.01
2.3717e-10,3.6054e-19,1.488e-09,1,0.2095,0.1854,0.024102,0.01
2.3594e-10,3.6241e-19,1.4476e-09,1,0.20987,0.1854,0.024473,0.01
2.3469e-10,3.6507e-19,1.4117e-09,1,0.21024,0.1854,0.024844,0.01
2.3344e-10,3.6772e-19,1.3758e-09,1,0.21061,0.1854,0.025214,0.01
2.3219e-10,3.7038e-19,1.3399e-09,1,0.21099,0.1854,0.025585,0.01
2.3094e-10,3.7304e-19,1.304e-09,1,0.21136,0.1854,0.025956,0.01
2.2968e-10,3.7569e-19,1.2681e-09,1,0.21173,0.1854,0.026327,0.01
2.2843e-10,3.7835e-19,1.2322e-09,1,0.2121,0.1854,0.026698,0.01
2.2718e-10,3.8101e-19,1.1963e-09,1,0.21247,0.1854,0.027068,0.01
2.2593e-10,3.8367e-19,1.1604e-09,1,0.21284,0.1854,0.027439,0.01
2.2468e-10,3.8632e-19,1.1245e-09,1,0.21321,0.1854,0.02781,0.01
2.2343e-10,3.8898e-19,1.0886e-09,1,0.21358,0.1854,0.028181,0.01
2.2218e-10,3.9164e-19,1.0527e-09,1,0.21395,0.1854,0.028552,0.01
2.2093e-10,3.9429e-19,1.0167e-09,1,0.21432,0.1854,0.028922,0.01
2.1968e-10,3.9707e-19,9.845e-10,1,0.21469,0.1854,0.029293,0.01
2.1843e-10,4.0026e-19,9.6513e-10,1,0.21506,0.1854,0.029664,0.01
2.1719e-10,4.0413e-19,9.7101e-10,1,0.21543,0.1854,0.030035,0.01
2.1595e-10,4.0813e-19,9.8156e-10,1,0.21581,0.1854,0.030406,0.01
2.1471e-10,4.1212e-19,9.921e-10,1,0.21618,0.1854,0.030776,0.01
2.1346e-10,4.1612e-19,1.0027e-09,1,0.21655,0.1854,0.031147,0.01
2.1222e-10,4.2012e-19,1.0132e-09,1,0.21692,0.1854,0.031518,0.01
2.1098e-10,4.2411e-19,1.0238e-09,1,0.21729,0.1854,0.031889,0.01
2.0974e-10,4.2811e-19,1.0343e-09,1,0.21766,0.1854,0.03226,0.01
2.085e-10,4.3211e-19,1.0449e-09,1,0.21803,0.1854,0.03263,0.01
2.0726e-10,4.361e-19,1.0554e-09,1,0.2184,0.1854,0.033001,0.01
2.0601e-10,4.401e-19,1.0659e-09,1,0.21877,0.1854,0.033372,0.01
2.0477e-10,4.4409e-19,1.0765e-09,1,0.21914,0.1854,0.033743,0.01
2.0353e-10,4.4809e-19,1.087e-09,1,0.21951,0.1854,0.034114,0.01
2.0229e-10,4.5209e-19,1.0976e-09,1,0.21988,0.1854,0.034484,0.01
2.0105e-10,4.5608e-19,1.1081e-09,1,0.22026,0.1854,0.034855,0.01
1.9981e-10,4.6008e-19,1.1187e-09,1,0.22063,0.1854,0.035226,0.01
1.9856e-10,4.6407e-19,1.1292e-09,1,0.221,0.1854,0.035597,0.01
1.9732e-10,4.6807e-19,1.1398e-09,1,0.22137,0.1854,0.035968,0.01
1.9621e-10,4.76e-19,1.179e-09,1,0.22174,0.1854,0.036338,0.01
1.951e-10,4.8407e-19,1.2192e-09,1,0.22211,0.1854,0.036709,0.01
1.9399e-10,4.9215e-19,1.2595e-09,1,0.22248,0.1854,0.03708,0.01
1.9288e-10,5.0022e-19,1.2998e-09,1,0.22285,0.1854,0.037451,0.01
1.9178e-10,5.083e-19,1.3401e-09,1,0.22322,0.1854,0.037822,0.01
1.9067e-10,5.1637e-19,1.3803e-09,1,0.22359,0.1854,0.038192,0.01
1.8956e-10,5.2445e-19,1.4206e-09,1,0.22396,0.1854,0.038563,0.01
1.8845e-10,5.3252e-19,1.4609e-09,1,0.22433,0.1854,0.038934,0.01
1.8734e-10,5.406e-19,1.5012e-09,1,0.2247,0.1854,0.039305,0.01
1.8624e-10,5.4867e-19,1.5414e-09,1,0.22508,0.1854,0.039676,0.01
1.8513e-10,5.5675e-19,1.5817e-09,1,0.22545,0.1854,0.040046,0.01
1.8402e-10,5.6483e-19,1.622e-09,1,0.22582,0.1854,0.040417,0.01
1.8291e-10,5.729e-19,1.6622e-09,1,0.22619,0.1854,0.040788,0.01
1.818e-10,5.8098e-19,1.7025e-09,1,0.22656,0.1854,0.041159,0.01
1.807e-10,5.8905e-19,1.7428e-09,1,0.22693,0.1854,0.04153,0.01
1.7959e-10,5.9713e-19,1.7831e-09,1,0.2273,0.1854,0.0419,0.01
1.7851e-10,6.0577e-19,1.8232e-09,1,0.22767,0.1854,0.042271,0.01
1.7773e-10,6.2066e-19,1.8611e-09,1,0.22804,0.1854,0.042642,0.01
1.7695e-10,6.3556e-19,1.8991e-09,1,0.22841,0.1854,0.043013,0.01
1.7617e-10,6.5045e-19,1.937e-09,1,0.22878,0.1854,0.043384,0.01
1.754e-10,6.6535e-19,1.975e-09,1,0.22915,0.1854,0.043754,0.01
1.7462e-10,6.8025e-19,2.0129e-09,1,0.22953,0.1854,0.044125,0.01
1.7384e-10,6.9514e-19,2.0509e-09,1,0.2299,0.1854,0.044496,0.01
1.7306e-10,7.1004e-19,2.0888e-09,1,0.23027,0.1854,0.044867,0.01
1.7229e-10,7.2493e-19,2.1268e-09,1,0.23064,0.1854,0.045238,0.01
1.7151e-10,7.3983e-19,2.1647e-09,1,0.23101,0.1854,0.045608,0.01
1.7073e-10,7.5473e-19,2.2027e-09,1,0.23138,0.1854,0.045979,0.01
1.6995e-10,7.6962e-19,2.2406e-09,1,0.23175,0.1854,0.04635,0.01
1.6918e-10,7.8452e-19,2.2786e-09,1,0.23212,0.1854,0.046721,0.01
1.684e-10,7.9941e-19,2.3165e-09,1,0.23249,0.1854,0.047092,0.01
1.6762e-10,8.1431e-19,2.3545e-09,1,0.23286,0.1854,0.047462,0.01
1.6684e-10,8.2921e-19,2.3924e-09,1,0.23323,0.1854,0.047833,0.01
1.6606e-10,8.441e-19,2.4304e-09,1,0.2336,0.1854,0.048204,0.01
1.6539e-10,8.5945e-19,2.4597e-09,1,0.23397,0.1854,0.048575,0.01
1.6511e-10,8.7661e-19,2.455e-09,1,0.23435,0.1854,0.048946,0.01
1.6484e-10,8.9377e-19,2.4502e-09,1,0.23472,0.1854,0.049316,0.01
1.6464e-10,9.0978e-19,2.427e-09,1,0.23509,0.1854,0.049687,0.01
1.6451e-10,9.2466e-19,2.3857e-09,1,0.23546,0.1854,0.050058,0.01
1.6439e-10,9.3955e-19,2.3444e-09,1,0.23583,0.1854,0.050429,0.01
1.6439e-10,9.5179e-19,2.2451e-09,1,0.2362,0.1854,0.0508,0.01
1.6443e-10,9.6342e-19,2.1321e-09,1,0.23657,0.1854,0.05117,0.01
1.6449e-10,9.7405e-19,2.0701e-09,1,0.23694,0.1854,0.051541,0.01
1.6478e-10,9.7677e-19,2.4165e-09,1,0.23731,0.1854,0.051912,0.01
1.6506e-10,9.795e-19,2.763e-09,1,0.23768,0.1854,0.052283,0.01
1.6535e-10,9.8222e-19,3.1094e-09,1,0.23805,0.1854,0.052654,0.01
1.6564e-10,9.8495e-19,3.4559e-09,1,0.23842,0.1854,0.053024,0.01
1.6592e-10,9.8767e-19,3.8023e-09,1,0.2388,0.1854,0.053395,0.01
1.6621e-10,9.904e-19,4.1487e-09,1,0.23917,0.1854,0.053766,0.01
1.6649e-10,9.9312e-19,4.4952e-09,1,0.23954,0.1854,0.054137,0.01
1.6658e-10,9.8922e-19,5.0406e-09,1,0.23991,0.1854,0.054508,0.01
1.6653e-10,9.8211e-19,5.4798e-09,1,0.24028,0.1854,0.054878,0.01
1.6643e-10,9.7393e-19,5.83e-09,1,0.24065,0.1854,0.055249,0.01
1.6626e-10,9.6472e-19,6.1083e-09,1,0.24102,0.1854,0.05562,0.01
1.6595e-10,9.5338e-19,6.2367e-09,1,0.24139,0.1854,0.055991,0.01
1.6563e-10,9.4204e-19,6.3651e-09,1,0.24176,0.1854,0.056362,0.01
1.6516e-10,9.2902e-19,6.4286e-09,1,0.24213,0.1854,0.056732,0.01
1.6459e-10,9.1501e-19,6.4535e-09,1,0.2425,0.1854,0.057103,0.01
1.6403e-10,9.01e-19,6.4784e-09,1,0.24287,0.1854,0.057474,0.01
1.6286e-10,8.865e-19,6.4165e-09,1,0.24324,0.1854,0.057845,0.01
1.6165e-10,8.7196e-19,6.348e-09,1,0.24362,0.1854,0.058216,0.01
1.6044e-10,8.5742e-19,6.2796e-09,1,0.24399,0.1854,0.058586,0.01
1.5923e-10,8.4289e-19,6.2112e-09,1,0.24436,0.1854,0.058957,0.01
1.5802e-10,8.2835e-19,6.1427e-09,1,0.24473,0.1854,0.059328,0.01
1.5681e-10,8.1381e-19,6.0743e-09,1,0.2451,0.1854,0.059699,0.01
1.556e-10,7.9928e-19,6.0059e-09,1,0.24547,0.1854,0.06007,0.01
1.5439e-10,7.8474e-19,5.9374e-09,1,0.24584,0.1854,0.06044,0.01
1.5318e-10,7.702e-19,5.869e-09,1,0.24621,0.1854,0.060811,0.01
1.5197e-10,7.5567e-19,5.8006e-09,1,0.24658,0.1854,0.061182,0.01
1.5076e-10,7.4113e-19,5.7321e-09,1,0.24695,0.1854,0.061553,0.01
1.4955e-10,7.2659e-19,5.6637e-09,1,0.24732,0.1854,0.061924,0.01
1.4791e-10,7.1509e-19,5.575e-09,1,0.24769,0.1854,0.062294,0.01
1.4621e-10,7.0393e-19,5.4841e-09,1,0.24807,0.1854,0.062665,0.01
1.4452e-10,6.9276e-19,5.3932e-09,1,0.24844,0.1854,0.063036,0.01
1.4282e-10,6.816e-19,5.3023e-09,1,0.24881,0.1854,0.063407,0.01
1.4113e-10,6.7044e-19,5.2113e-09,1,0.24918,0.1854,0.063778,0.01
1.3944e-10,6.5927e-19,5.1204e-09,1,0.24955,0.1854,0.064148,0.01
1.3774e-10,6.4811e-19,5.0295e-09,1,0.24992,0.1854,0.064519,0.01
1.3605e-10,6.3695e-19,4.9386e-09,1,0.25029,0.1854,0.06489,0.01
1.3435e-10,6.2579e-19,4.8476e-09,1,0.25066,0.1854,0.065261,0.01
1.3266e-10,6.1462e-19,4.7567e-09,1,0.25103,0.1854,0.065632,0.01
1.3097e-10,6.0346e-19,4.6658e-09,1,0.2514,0.1854,0.066002,0.01
1.2927e-10,5.923e-19,4.5749e-09,1,0.25177,0.1854,0.066373,0.01
1.2741e-10,5.8503e-19,4.4767e-09,1,0.25214,0.1854,0.066744,0.01
1.2552e-10,5.7836e-19,4.3774e-09,1,0.25251,0.1854,0.067115,0.01
1.2364e-10,5.7169e-19,4.2781e-09,1,0.25289,0.1854,0.067486,0.01
1.2175e-10,5.6502e-19,4.1788e-09,1,0.25326,0.1854,0.067856,0.01
1.1986e-10,5.5835e-19,4.0795e-09,1,0.25363,0.1854,0.068227,0.01
1.1797e-10,5.5168e-19,3.9802e-09,1,0.254,0.1854,0.068598,0.01
1.1609e-10,5.4501e-19,3.8809e-09,1,0.25437,0.1854,0.068969,0.01
1.142e-10,5.3834e-19,3.7817e-09,1,0.25474,0.1854,0.06934,0.01
1.1231e-10,5.3167e-19,3.6824e-09,1,0.25511,0.1854,0.06971,0.01
1.1042e-10,5.25e-19,3.5831e-09,1,0.25548,0.1854,0.070081,0.01
1.0854e-10,5.1833e-19,3.4838e-09,1,0.25585,0.1854,0.070452,0.01
1.0665e-10,5.1166e-19,3.3845e-09,1,0.25622,0.1854,0.070823,0.01
1.0474e-10,5.0657e-19,3.2831e-09,1,0.25659,0.1854,0.071194,0.01
1.0284e-10,5.0231e-19,3.1804e-09,1,0.25696,0.1854,0.071564,0.01
1.0094e-10,4.9866e-19,3.0766e-09,1,0.25734,0.1854,0.071935,0.01
9.9051e-11,4.9501e-19,2.9728e-09,1,0.25771,0.1854,0.072306,0.01
9.7157e-11,4.9136e-19,2.8689e-09,1,0.25808,0.1854,0.072677,0.01
9.5264e-11,4.8772e-19,2.7651e-09,1,0.25845,0.1854,0.073048,0.01
9.337e-11,4.8407e-19,2.6613e-09,1,0.25882,0.1854,0.073418,0.01
9.1476e-11,4.8042e-19,2.5575e-09,1,0.25919,0.1854,0.073789,0.01
8.9583e-11,4.7677e-19,2.4536e-09,1,0.25956,0.1854,0.07416,0.01
8.7689e-11,4.7312e-19,2.3498e-09,1,0.25993,0.1854,0.074531,0.01
8.5796e-11,4.6948e-19,2.246e-09,1,0.2603,0.1854,0.074902,0.01
8.3902e-11,4.6583e-19,2.1422e-09,1,0.26067,0.1854,0.075272,0.01
8.2009e-11,4.6218e-19,2.0383e-09,1,0.26104,0.1854,0.075643,0.01
8.0115e-11,4.5853e-19,1.9345e-09,1,0.26141,0.1854,0.076014,0.01
7.8301e-11,4.5571e-19,1.8305e-09,1,0.26178,0.1854,0.076385,0.01
7.6504e-11,4.5303e-19,1.7266e-09,1,0.26216,0.1854,0.076756,0.01
7.4906e-11,4.5092e-19,1.6295e-09,1,0.26253,0.1854,0.077126,0.01
7.3308e-11,4.4881e-19,1.5323e-09,1,0.2629,0.1854,0.077497,0.01
7.171e-11,4.4671e-19,1.4351e-09,1,0.26327,0.1854,0.077868,0.01
7.0112e-11,4.446e-19,1.338e-09,1,0.26364,0.1854,0.078239,0.01
6.8513e-11,4.4249e-19,1.2408e-09,1,0.26401,0.1854,0.07861,0.01
6.6915e-11,4.4039e-19,1.1436e-09,1,0.26438,0.1854,0.07898,0.01
6.5317e-11,4.3828e-19,1.0464e-09,1,0.26475,0.1854,0.079351,0.01
6.3719e-11,4.3617e-19,9.4926e-10,1,0.26512,0.1854,0.079722,0.01
6.2121e-11,4.3406e-19,8.5209e-10,1,0.26549,0.1854,0.080093,0.01
6.0523e-11,4.3196e-19,7.5492e-10,1,0.26586,0.1854,0.080464,0.01
5.8925e-11,4.2985e-19,6.5775e-10,1,0.26623,0.1854,0.080834,0.01
5.7327e-11,4.2774e-19,5.6058e-10,1,0.26661,0.1854,0.081205,0.01
5.6081e-11,4.2612e-19,5.3e-10,1,0.26698,0.1854,0.081576,0.01
5.5239e-11,4.2505e-19,5.7577e-10,1,0.26735,0.1854,0.081947,0.01
5.4396e-11,4.2398e-19,6.2155e-10,1,0.26772,0.1854,0.082318,0.01
5.3554e-11,4.2291e-19,6.6732e-10,1,0.26809,0.1854,0.082688,0.01
5.2712e-11,4.2184e-19,7.1309e-10,1,0.26846,0.1854,0.083059,0.01
5.187e-11,4.2077e-19,7.5887e-10,1,0.26883,0.1854,0.08343,0.01
5.1027e-11,4.197e-19,8.0464e-10,1,0.2692,0.1854,0.083801,0.01
5.0185e-11,4.1863e-19,8.5042e-10,1,0.26957,0.1854,0.084172,0.01
4.9343e-11,4.1756e-19,8.9619e-10,1,0.26994,0.1854,0.084542,0.01
4.8501e-11,4.1649e-19,9.4196e-10,1,0.27031,0.1854,0.084913,0.01
4.7659e-11,4.1542e-19,9.8774e-10,1,0.27068,0.1854,0.085284,0.01
4.6816e-11,4.1436e-19,1.0335e-09,1,0.27105,0.1854,0.085655,0.01
4.5974e-11,4.1329e-19,1.0793e-09,1,0.27143,0.1854,0.086026,0.01
4.5913e-11,4.1311e-19,1.1751e-09,1,0.2718,0.1854,0.086396,0.01
4.5936e-11,4.1304e-19,1.2763e-09,1,0.27217,0.1854,0.086767,0.01
4.5959e-11,4.1296e-19,1.3775e-09,1,0.27254,0.1854,0.087138,0.01
4.5982e-11,4.1289e-19,1.4788e-09,1,0.27291,0.1854,0.087509,0.01
4.6006e-11,4.1282e-19,1.58e-09,1,0.27328,0.1854,0.08788,0.01
4.629e-11,4.1318e-19,1.6816e-09,1,0.27365,0.1854,0.08825,0.01
4.6827e-11,4.1398e-19,1.7836e-09,1,0.27402,0.1854,0.088621,0.01
4.7364e-11,4.1477e-19,1.8857e-09,1,0.27439,0.1854,0.088992,0.01
4.7901e-11,4.1556e-19,1.9877e-09,1,0.27476,0.1854,0.089363,0.01
4.8439e-11,4.1636e-19,2.0897e-09,1,0.27513,0.1854,0.089734,0.01
4.9151e-11,4.1791e-19,2.191e-09,1,0.2755,0.1854,0.090104,0.01
5.031e-11,4.2137e-19,2.2902e-09,1,0.27588,0.1854,0.090475,0.01
5.147e-11,4.2484e-19,2.3895e-09,1,0.27625,0.1854,0.090846,0.01
5.2629e-11,4.2831e-19,2.4887e-09,1,0.27662,0.1854,0.091217,0.01
5.3788e-11,4.3178e-19,2.588e-09,1,0.27699,0.1854,0.091588,0.01
5.4948e-11,4.3525e-19,2.6872e-09,1,0.27736,0.1854,0.091958,0.01
5.6107e-11,4.3872e-19,2.7865e-09,1,0.27773,0.1854,0.092329,0.01
5.7266e-11,4.4218e-19,2.8857e-09,1,0.2781,0.1854,0.0927,0.01
5.8426e-11,4.4565e-19,2.985e-09,1,0.27847,0.1854,0.093071,0.01
5.9585e-11,4.4912e-19,3.0842e-09,1,0.27884,0.1854,0.093442,0.01
6.0744e-11,4.5259e-19,3.1835e-09,1,0.27921,0.1854,0.093812,0.01
6.1904e-11,4.5606e-19,3.2827e-09,1,0.27958,0.1854,0.094183,0.01
6.3063e-11,4.5953e-19,3.382e-09,1,0.27995,0.1854,0.094554,0.01
6.4223e-11,4.6299e-19,3.4812e-09,1,0.28032,0.1854,0.094925,0.01
6.5382e-11,4.6646e-19,3.5805e-09,1,0.2807,0.1854,0.095296,0.01
6.6541e-11,4.6993e-19,3.6797e-09,1,0.28107,0.1854,0.095666,0.01
6.7815e-11,4.7746e-19,3.768e-09,1,0.28144,0.1854,0.096037,0.01
6.9122e-11,4.8618e-19,3.853e-09,1,0.28181,0.1854,0.096408,0.01
7.043e-11,4.9489e-19,3.938e-09,1,0.28218,0.1854,0.096779,0.01
7.1737e-11,5.0361e-19,4.0231e-09,1,0.28255,0.1854,0.09715,0.01
7.3044e-11,5.1232e-19,4.1081e-09,1,0.28292,0.1854,0.09752,0.01
7.4351e-11,5.2104e-19,4.1932e-09,1,0.28329,0.1854,0.097891,0.01
7.5658e-11,5.2975e-19,4.2782e-09,1,0.28366,0.1854,0.098262,0.01
7.6966e-11,5.3846e-19,4.3632e-09,1,0.28403,0.1854,0.098633,0.01
7.8273e-11,5.4718e-19,4.4483e-09,1,0.2844,0.1854,0.099004,0.01
7.958e-11,5.5589e-19,4.5333e-09,1,0.28477,0.1854,0.099374,0.01
8.0887e-11,5.6461e-19,4.6184e-09,1,0.28515,0.1854,0.099745,0.01
8.2195e-11,5.7332e-19,4.7034e-09,1,0.28552,0.1854,0.10012,0.01
8.3502e-11,5.8204e-19,4.7885e-09,1,0.28589,0.1854,0.10049,0.01
8.4809e-11,5.9075e-19,4.8735e-09,1,0.28626,0.1854,0.10086,0.01
8.6116e-11,5.9947e-19,4.9585e-09,1,0.28663,0.1854,0.10123,0.01
8.7317e-11,6.089e-19,5.0345e-09,1,0.287,0.1854,0.1016,0.01
8.8227e-11,6.2031e-19,5.0855e-09,1,0.28737,0.1854,0.10197,0.01
8.9138e-11,6.3172e-19,5.1365e-09,1,0.28774,0.1854,0.10234,0.01
8.9957e-11,6.4293e-19,5.1759e-09,1,0.28811,0.1854,0.10271,0.01
9.0707e-11,6.5399e-19,5.2066e-09,1,0.28848,0.1854,0.10308,0.01
9.1458e-11,6.6505e-19,5.2373e-09,1,0.28885,0.1854,0.10345,0.01
9.205e-11,6.7537e-19,5.231e-09,1,0.28922,0.1854,0.10382,0.01
9.2618e-11,6.8558e-19,5.2194e-09,1,0.28959,0.1854,0.10419,0.01
9.307e-11,6.9417e-19,5.1597e-09,1,0.28997,0.1854,0.10457,0.01
9.298e-11,6.9519e-19,4.8762e-09,1,0.29034,0.1854,0.10494,0.01
9.2891e-11,6.962e-19,4.5927e-09,1,0.29071,0.1854,0.10531,0.01
9.2801e-11,6.9722e-19,4.3092e-09,1,0.29108,0.1854,0.10568,0.01
9.2711e-11,6.9824e-19,4.0257e-09,1,0.29145,0.1854,0.10605,0.01
9.2622e-11,6.9926e-19,3.7422e-09,1,0.29182,0.1854,0.10642,0.01
9.2532e-11,7.0027e-19,3.4587e-09,1,0.29219,0.1854,0.10679,0.01
9.2442e-11,7.0129e-19,3.1752e-09,1,0.29256,0.1854,0.10716,0.01
9.2352e-11,7.0231e-19,2.8917e-09,1,0.29293,0.1854,0.10753,0.01
9.2263e-11,7.0333e-19,2.6082e-09,1,0.2933,0.1854,0.1079,0.01
9.2173e-11,7.0435e-19,2.3246e-09,1,0.29367,0.1854,0.10827,0.01
9.2083e-11,7.0536e-19,2.0411e-09,1,0.29404,0.1854,0.10864,0.01
9.1993e-11,7.0638e-19,1.7576e-09,1,0.29442,0.1854,0.10902,0.01
9.1904e-11,7.074e-19,1.4741e-09,1,0.29479,0.1854,0.10939,0.01
9.1814e-11,7.0842e-19,1.1906e-09,1,0.29516,0.1854,0.10976,0.01
9.1724e-11,7.0944e-19,9.0712e-10,1,0.29553,0.1854,0.11013,0.01
9.1847e-11,7.0474e-19,7.7751e-10,1,0.2959,0.1854,0.1105,0.01
9.2119e-11,6.9605e-19,7.5527e-10,1,0.29627,0.1854,0.11087,0.01
9.239e-11,6.8736e-19,7.3304e-10,1,0.29664,0.1854,0.11124,0.01
9.2662e-11,6.7867e-19,7.1081e-10,1,0.29701,0.1854,0.11161,0.01
9.2934e-11,6.6998e-19,6.8857e-10,1,0.29738,0.1854,0.11198,0.01
9.3205e-11,6.6129e-19,6.6634e-10,1,0.29775,0.1854,0.11235,0.01
9.3477e-11,6.526e-19,6.4411e-10,1,0.29812,0.1854,0.11272,0.01
9.3748e-11,6.4391e-19,6.2188e-10,1,0.29849,0.1854,0.11309,0.01
9.402e-11,6.3522e-19,5.9964e-10,1,0.29886,0.1854,0.11346,0.01
9.4291e-11,6.2654e-19,5.7741e-10,1,0.29924,0.1854,0.11384,0.01
9.4563e-11,6.1785e-19,5.5518e-10,1,0.29961,0.1854,0.11421,0.01
9.4834e-11,6.0916e-19,5.3294e-10,1,0.29998,0.1854,0.11458,0.01
9.5106e-11,6.0047e-19,5.1071e-10,1,0.30035,0.1854,0.11495,0.01
9.5377e-11,5.9178e-19,4.8848e-10,1,0.30072,0.1854,0.11532,0.01
9.5649e-11,5.8309e-19,4.6625e-10,1,0.30109,0.1854,0.11569,0.01
9.5921e-11,5.744e-19,4.4404e-10,1,0.30146,0.1854,0.11606,0.01
9.641e-11,5.6637e-19,4.4291e-10,1,0.30183,0.1854,0.11643,0.01
9.6898e-11,5.5833e-19,4.4179e-10,1,0.3022,0.1854,0.1168,0.01
9.7387e-11,5.503e-19,4.4067e-10,1,0.30257,0.1854,0.11717,0.01
9.7876e-11,5.4226e-19,4.3955e-10,1,0.30294,0.1854,0.11754,0.01
9.8365e-11,5.3422e-19,4.3842e-10,1,0.30331,0.1854,0.11791,0.01
9.8854e-11,5.2619e-19,4.373e-10,1,0.30369,0.1854,0.11829,0.01
9.9342e-11,5.1815e-19,4.3618e-10,1,0.30406,0.1854,0.11866,0.01
9.9831e-11,5.1012e-19,4.3505e-10,1,0.30443,0.1854,0.11903,0.01
1.0032e-10,5.0208e-19,4.3393e-10,1,0.3048,0.1854,0.1194,0.01
1.0081e-10,4.9405e-19,4.3281e-10,1,0.30517,0.1854,0.11977,0.01
1.013e-10,4.8601e-19,4.3169e-10,1,0.30554,0.1854,0.12014,0.01
1.0179e-10,4.7797e-19,4.3056e-10,1,0.30591,0.1854,0.12051,0.01
1.0228e-10,4.6994e-19,4.2944e-10,1,0.30628,0.1854,0.12088,0.01
1.0276e-10,4.619e-19,4.2832e-10,1,0.30665,0.1854,0.12125,0.01
1.0325e-10,4.5387e-19,4.2719e-10,1,0.30702,0.1854,0.12162,0.01
1.0378e-10,4.4697e-19,4.2697e-10,1,0.30739,0.1854,0.12199,0.01
1.0436e-10,4.4168e-19,4.2802e-10,1,0.30776,0.1854,0.12236,0.01
1.0494e-10,4.3639e-19,4.2907e-10,1,0.30813,0.1854,0.12273,0.01
1.0552e-10,4.3111e-19,4.3012e-10,1,0.30851,0.1854,0.12311,0.01
1.0611e-10,4.2582e-19,4.3117e-10,1,0.30888,0.1854,0.12348,0.01
1.0669e-10,4.2053e-19,4.3222e-10,1,0.30925,0.1854,0.12385,0.01
1.0727e-10,4.1524e-19,4.3327e-10,1,0.30962,0.1854,0.12422,0.01
1.0785e-10,4.0996e-19,4.3432e-10,1,0.30999,0.1854,0.12459,0.01
1.0843e-10,4.0467e-19,4.3537e-10,1,0.31036,0.1854,0.12496,0.01
1.0901e-10,3.9938e-19,4.3642e-10,1,0.31073,0.1854,0.12533,0.01
1.0959e-10,3.941e-19,4.3747e-10,1,0.3111,0.1854,0.1257,0.01
1.1017e-10,3.8881e-19,4.3852e-10,1,0.31147,0.1854,0.12607,0.01
1.1076e-10,3.8352e-19,4.3957e-10,1,0.31184,0.1854,0.12644,0.01
1.1134e-10,3.7824e-19,4.4062e-10,1,0.31221,0.1854,0.12681,0.01
1.1192e-10,3.7295e-19,4.4167e-10,1,0.31258,0.1854,0.12718,0.01
1.125e-10,3.6766e-19,4.4272e-10,1,0.31296,0.1854,0.12756,0.01
1.1311e-10,3.6408e-19,4.4426e-10,1,0.31333,0.1854,0.12793,0.01
1.1373e-10,3.6085e-19,4.459e-10,1,0.3137,0.1854,0.1283,0.01
1.1435e-10,3.5763e-19,4.4754e-10,1,0.31407,0.1854,0.12867,0.01
1.1496e-10,3.544e-19,4.4918e-10,1,0.31444,0.1854,0.12904,0.01
1.1558e-10,3.5118e-19,4.5082e-10,1,0.31481,0.1854,0.12941,0.01
1.162e-10,3.4795e-19,4.5246e-10,1,0.31518,0.1854,0.12978,0.01
1.1682e-10,3.4473e-19,4.541e-10,1,0.31555,0.1854,0.13015,0.01
1.1743e-10,3.4151e-19,4.5574e-10,1,0.31592,0.1854,0.13052,0.01
1.1805e-10,3.3828e-19,4.5738e-10,1,0.31629,0.1854,0.13089,0.01
1.1867e-10,3.3506e-19,4.5902e-10,1,0.31666,0.1854,0.13126,0.01
1.1929e-10,3.3183e-19,4.6066e-10,1,0.31703,0.1854,0.13163,0.01
1.199e-10,3.2861e-19,4.623e-10,1,0.3174,0.1854,0.132,0.01
1.2052e-10,3.2538e-19,4.6394e-10,1,0.31778,0.1854,0.13238,0.01
1.2114e-10,3.2216e-19,4.6558e-10,1,0.31815,0.1854,0.13275,0.01
1.2175e-10,3.1894e-19,4.6722e-10,1,0.31852,0.1854,0.13312,0.01
1.2237e-10,3.1592e-19,4.689e-10,1,0.31889,0.1854,0.13349,0.01
1.23e-10,3.136e-19,4.707e-10,1,0.31926,0.1854,0.13386,0.01
1.2362e-10,3.1127e-19,4.725e-10,1,0.31963,0.1854,0.13423,0.01
1.2424e-10,3.0906e-19,4.7433e-10,1,0.32,0.1854,0.1346,0.01
1.2487e-10,3.0694e-19,4.7618e-10,1,0.32037,0.1854,0.13497,0.01
1.2549e-10,3.0482e-19,4.7803e-10,1,0.32074,0.1854,0.13534,0.01
1.2611e-10,3.0287e-19,4.799e-10,1,0.32111,0.1854,0.13571,0.01
1.2674e-10,3.0095e-19,4.8179e-10,1,0.32148,0.1854,0.13608,0.01
1.2736e-10,2.9906e-19,4.8368e-10,1,0.32185,0.1854,0.13645,0.01
1.2799e-10,2.9733e-19,4.8559e-10,1,0.32223,0.1854,0.13683,0.01
1.2861e-10,2.956e-19,4.8751e-10,1,0.3226,0.1854,0.1372,0.01
1.2924e-10,2.9411e-19,4.8947e-10,1,0.32297,0.1854,0.13757,0.01
1.2986e-10,2.9294e-19,4.9148e-10,1,0.32334,0.1854,0.13794,0.01
1.3048e-10,2.9176e-19,4.9349e-10,1,0.32371,0.1854,0.13831,0.01
1.311e-10,2.9059e-19,4.955e-10,1,0.32408,0.1854,0.13868,0.01
1.3173e-10,2.8941e-19,4.975e-10,1,0.32445,0.1854,0.13905,0.01
1.3235e-10,2.8823e-19,4.9951e-10,1,0.32482,0.1854,0.13942,0.01
1.3297e-10,2.8706e-19,5.0152e-10,1,0.32519,0.1854,0.13979,0.01
1.336e-10,2.8588e-19,5.0353e-10,1,0.32556,0.1854,0.14016,0.01
1.3422e-10,2.8471e-19,5.0554e-10,1,0.32593,0.1854,0.14053,0.01
1.3484e-10,2.8353e-19,5.0755e-10,1,0.3263,0.1854,0.1409,0.01
1.3546e-10,2.8236e-19,5.0956e-10,1,0.32667,0.1854,0.14127,0.01
1.3609e-10,2.8118e-19,5.1156e-10,1,0.32705,0.1854,0.14165,0.01
1.3671e-10,2.8e-19,5.1357e-10,1,0.32742,0.1854,0.14202,0.01
1.3733e-10,2.7883e-19,5.1558e-10,1,0.32779,0.1854,0.14239,0.01
1.3795e-10,2.7798e-19,5.1762e-10,1,0.32816,0.1854,0.14276,0.01
1.3857e-10,2.7793e-19,5.1972e-10,1,0.32853,0.1854,0.14313,0.01
1.3918e-10,2.7788e-19,5.2183e-10,1,0.3289,0.1854,0.1435,0.01
1.3979e-10,2.7783e-19,5.2393e-10,1,0.32927,0.1854,0.14387,0.01
1.4041e-10,2.7778e-19,5.2604e-10,1,0.32964,0.1854,0.14424,0.01
1.4102e-10,2.7773e-19,5.2814e-10,1,0.33001,0.1854,0.14461,0.01
1.4163e-10,2.7768e-19,5.3025e-10,1,0.33038,0.1854,0.14498,0.01
1.4225e-10,2.7763e-19,5.3235e-10,1,0.33075,0.1854,0.14535,0.01
1.4286e-10,2.7757e-19,5.3446e-10,1,0.33112,0.1854,0.14572,0.01
1.4347e-10,2.7752e-19,5.3657e-10,1,0.3315,0.1854,0.1461,0.01
1.4409e-10,2.7747e-19,5.3867e-10,1,0.33187,0.1854,0.14647,0.01
1.447e-10,2.7742e-19,5.4078e-10,1,0.33224,0.1854,0.14684,0.01
1.4531e-10,2.7737e-19,5.4288e-10,1,0.33261,0.1854,0.14721,0.01
1.4593e-10,2.7732e-19,5.4499e-10,1,0.33298,0.1854,0.14758,0.01
1.4654e-10,2.7752e-19,5.471e-10,1,0.33335,0.1854,0.14795,0.01
1.4714e-10,2.7935e-19,5.4929e-10,1,0.33372,0.1854,0.14832,0.01
1.4774e-10,2.8117e-19,5.5147e-10,1,0.33409,0.1854,0.14869,0.01
1.4834e-10,2.83e-19,5.5365e-10,1,0.33446,0.1854,0.14906,0.01
1.4894e-10,2.8483e-19,5.5583e-10,1,0.33483,0.1854,0.14943,0.01
1.4954e-10,2.8665e-19,5.5802e-10,1,0.3352,0.1854,0.1498,0.01
1.5015e-10,2.8848e-19,5.602e-10,1,0.33557,0.1854,0.15017,0.01
1.5075e-10,2.9031e-19,5.6238e-10,1,0.33594,0.1854,0.15054,0.01
1.5135e-10,2.9213e-19,5.6457e-10,1,0.33632,0.1854,0.15092,0.01
1.5195e-10,2.9396e-19,5.6675e-10,1,0.33669,0.1854,0.15129,0.01
1.5255e-10,2.9579e-19,5.6893e-10,1,0.33706,0.1854,0.15166,0.01
1.5315e-10,2.9761e-19,5.7112e-10,1,0.33743,0.1854,0.15203,0.01
1.5376e-10,2.9944e-19,5.733e-10,1,0.3378,0.1854,0.1524,0.01
1.5436e-10,3.0127e-19,5.7548e-10,1,0.33817,0.1854,0.15277,0.01
1.5496e-10,3.0309e-19,5.7767e-10,1,0.33854,0.1854,0.15314,0.01
1.5555e-10,3.0853e-19,5.7995e-10,1,0.33891,0.1854,0.15351,0.01
1.5615e-10,3.1406e-19,5.8223e-10,1,0.33928,0.1854,0.15388,0.01
1.5674e-10,3.1959e-19,5.8451e-10,1,0.33965,0.1854,0.15425,0.01
1.5733e-10,3.2512e-19,5.868e-10,1,0.34002,0.1854,0.15462,0.01
1.5793e-10,3.3064e-19,5.8908e-10,1,0.34039,0.1854,0.15499,0.01
1.5852e-10,3.3617e-19,5.9136e-10,1,0.34077,0.1854,0.15537,0.01
1.5911e-10,3.417e-19,5.9365e-10,1,0.34114,0.1854,0.15574,0.01
1.5971e-10,3.4723e-19,5.9593e-10,1,0.34151,0.1854,0.15611,0.01
1.603e-10,3.5276e-19,5.9821e-10,1,0.34188,0.1854,0.15648,0.01
1.6089e-10,3.5829e-19,6.005e-10,1,0.34225,0.1854,0.15685,0.01
1.6149e-10,3.6382e-19,6.0278e-10,1,0.34262,0.1854,0.15722,0.01
1.6208e-10,3.6935e-19,6.0506e-10,1,0.34299,0.1854,0.15759,0.01
1.6268e-10,3.7488e-19,6.0734e-10,1,0.34336,0.1854,0.15796,0.01
1.6327e-10,3.8041e-19,6.0963e-10,1,0.34373,0.1854,0.15833,0.01
1.6386e-10,3.8935e-19,6.1201e-10,1,0.3441,0.1854,0.1587,0.01
1.6446e-10,3.9905e-19,6.1442e-10,1,0.34447,0.1854,0.15907,0.01
1.6506e-10,4.0876e-19,6.1682e-10,1,0.34484,0.1854,0.15944,0.01
1.6565e-10,4.1847e-19,6.1923e-10,1,0.34521,0.1854,0.15981,0.01
1.6625e-10,4.2817e-19,6.2163e-10,1,0.34559,0.1854,0.16019,0.01
1.6685e-10,4.4137e-19,6.241e-10,1,0.34596,0.1854,0.16056,0.01
1.6746e-10,4.5935e-19,6.2667e-10,1,0.34633,0.1854,0.16093,0.01
1.6806e-10,4.7734e-19,6.2924e-10,1,0.3467,0.1854,0.1613,0.01
1.6867e-10,4.9532e-19,6.318e-10,1,0.34707,0.1854,0.16167,0.01
1.6927e-10,5.133e-19,6.3437e-10,1,0.34744,0.1854,0.16204,0.01
1.6988e-10,5.3129e-19,6.3694e-10,1,0.34781,0.1854,0.16241,0.01
1.7048e-10,5.4927e-19,6.395e-10,1,0.34818,0.1854,0.16278,0.01
1.7109e-10,5.6726e-19,6.4207e-10,1,0.34855,0.1854,0.16315,0.01
1.7169e-10,5.8524e-19,6.4463e-10,1,0.34892,0.1854,0.16352,0.01
1.723e-10,6.0322e-19,6.472e-10,1,0.34929,0.1854,0.16389,0.01
1.7291e-10,6.2121e-19,6.4977e-10,1,0.34966,0.1854,0.16426,0.01
1.7351e-10,6.3919e-19,6.5233e-10,1,0.35004,0.1854,0.16464,0.01
1.7412e-10,6.5718e-19,6.549e-10,1,0.35041,0.1854,0.16501,0.01
1.7472e-10,6.7516e-19,6.5747e-10,1,0.35078,0.1854,0.16538,0.01
1.7534e-10,6.9915e-19,6.6016e-10,1,0.35115,0.1854,0.16575,0.01
1.76e-10,7.3996e-19,6.6321e-10,1,0.35152,0.1854,0.16612,0.01
1.7666e-10,7.8077e-19,6.6626e-10,1,0.35189,0.1854,0.16649,0.01
1.7731e-10,8.2158e-19,6.6931e-10,1,0.35226,0.1854,0.16686,0.01
1.7797e-10,8.6239e-19,6.7236e-10,1,0.35263,0.1854,0.16723,0.01
1.7863e-10,9.032e-19,6.7541e-10,1,0.353,0.1854,0.1676,0.01
1.7928e-10,9.4402e-19,6.7846e-10,1,0.35337,0.1854,0.16797,0.01
1.7994e-10,9.8483e-19,6.8151e-10,1,0.35374,0.1854,0.16834,0.01
1.806e-10,1.0256e-18,6.8456e-10,1,0.35411,0.1854,0.16871,0.01
1.8125e-10,1.0664e-18,6.8761e-10,1,0.35448,0.1854,0.16908,0.01
1.8191e-10,1.1073e-18,6.9067e-10,1,0.35486,0.1854,0.16946,0.01
1.8257e-10,1.1481e-18,6.9372e-10,1,0.35523,0.1854,0.16983,0.01
1.8322e-10,1.1889e-18,6.9677e-10,1,0.3556,0.1854,0.1702,0.01
1.8388e-10,1.2297e-18,6.9982e-10,1,0.35597,0.1854,0.17057,0.01
1.8455e-10,1.2769e-18,7.0299e-10,1,0.35634,0.1854,0.17094,0.01
1.8535e-10,1.3785e-18,7.0726e-10,1,0.35671,0.1854,0.17131,0.01
1.8614e-10,1.4802e-18,7.1152e-10,1,0.35708,0.1854,0.17168,0.01
1.8694e-10,1.5819e-18,7.1578e-10,1,0.35745,0.1854,0.17205,0.01
1.8774e-10,1.6836e-18,7.2004e-10,1,0.35782,0.1854,0.17242,0.01
1.8853e-10,1.7853e-18,7.243e-10,1,0.35819,0.1854,0.17279,0.01
1.8933e-10,1.8869e-18,7.2856e-10,1,0.35856,0.1854,0.17316,0.01
1.9012e-10,1.9886e-18,7.3282e-10,1,0.35893,0.1854,0.17353,0.01
1.9092e-10,2.0903e-18,7.3708e-10,1,0.35931,0.1854,0.17391,0.01
1.9171e-10,2.192e-18,7.4134e-10,1,0.35968,0.1854,0.17428,0.01
1.9251e-10,2.2937e-18,7.4561e-10,1,0.36005,0.1854,0.17465,0.01
1.9331e-10,2.3953e-18,7.4987e-10,1,0.36042,0.1854,0.17502,0.01
1.941e-10,2.497e-18,7.5413e-10,1,0.36079,0.1854,0.17539,0.01
1.949e-10,2.5987e-18,7.5839e-10,1,0.36116,0.1854,0.17576,0.01
1.9569e-10,2.7004e-18,7.6265e-10,1,0.36153,0.1854,0.17613,0.01
1.9682e-10,2.9868e-18,7.7174e-10,1,0.3619,0.1854,0.1765,0.01
1.9797e-10,3.2837e-18,7.811e-10,1,0.36227,0.1854,0.17687,0.01
1.9911e-10,3.5807e-18,7.9046e-10,1,0.36264,0.1854,0.17724,0.01
2.0026e-10,3.8776e-18,7.9983e-10,1,0.36301,0.1854,0.17761,0.01
2.0141e-10,4.1746e-18,8.0919e-10,1,0.36338,0.1854,0.17798,0.01
2.0256e-10,4.4715e-18,8.1855e-10,1,0.36375,0.1854,0.17835,0.01
2.037e-10,4.7684e-18,8.2791e-10,1,0.36413,0.1854,0.17873,0.01
2.0485e-10,5.0654e-18,8.3728e-10,1,0.3645,0.1854,0.1791,0.01
2.06e-10,5.3623e-18,8.4664e-10,1,0.36487,0.1854,0.17947,0.01
2.0714e-10,5.6593e-18,8.56e-10,1,0.36524,0.1854,0.17984,0.01
2.0829e-10,5.9562e-18,8.6537e-10,1,0.36561,0.1854,0.18021,0.01
2.0944e-10,6.2532e-18,8.7473e-10,1,0.36598,0.1854,0.18058,0.01
2.1059e-10,6.5501e-18,8.8409e-10,1,0.36635,0.1854,0.18095,0.01
2.1173e-10,6.8471e-18,8.9345e-10,1,0.36672,0.1854,0.18132,0.01
2.1331e-10,7.326e-18,9.2368e-10,1,0.36709,0.1854,0.18169,0.01
2.15e-10,7.8541e-18,9.5954e-10,1,0.36746,0.1854,0.18206,0.01
2.1671e-10,8.3989e-18,9.9722e-10,1,0.36783,0.1854,0.18243,0.01
2.1862e-10,9.1114e-18,1.0533e-09,1,0.3682,0.1854,0.1828,0.01
2.2053e-10,9.8239e-18,1.1093e-09,1,0.36858,0.1854,0.18318,0.01
2.2254e-10,1.0633e-17,1.1819e-09,1,0.36895,0.1854,0.18355,0.01
2.2472e-10,1.1592e-17,1.2798e-09,1,0.36932,0.1854,0.18392,0.01
2.2689e-10,1.2551e-17,1.3778e-09,1,0.36969,0.1854,0.18429,0.01
2.2929e-10,6.149e-11,1.5475e-09,1,0.37006,0.1854,0.18466,0.01
2.318e-10,1.4973e-10,1.7485e-09,1,0.37043,0.1854,0.18503,0.01
2.343e-10,2.3797e-10,1.9494e-09,1,0.3708,0.1854,0.1854,0.01
