% time-domain voltage integration by openEMS v0.0.35 @Thu May 16 11:09:24 2019
% start-coordinates: (0.01885,-0.11546,0.01) m -> [140,46,35]
% stop-coordinates: (0.01885,-0.11546,0.023824) m -> [140,46,45]
% t/s	voltage
0	-0
1.31557283377e-010	1.31818602611e-006
2.63114566753e-010	1.42858121421e-006
3.9467185013e-010	7.12879293374e-007
5.26229133506e-010	-6.89698657297e-007
6.57786416883e-010	-2.26161853334e-006
7.89343700259e-010	-3.21713256568e-006
9.20900983636e-010	-2.68497446854e-006
1.05245826701e-009	-4.31008157165e-007
1.18401555039e-009	2.80860837165e-006
1.31557283377e-009	5.55125666324e-006
1.44713011714e-009	6.02383757098e-006
1.57868740052e-009	3.20513867536e-006
1.71024468389e-009	-2.33819724826e-006
1.84180196727e-009	-8.36170761431e-006
1.97335925065e-009	-1.15550051873e-005
2.10491653402e-009	-9.16624163949e-006
2.2364738174e-009	-8.0006295633e-007
2.36803110078e-009	1.06910246132e-005
2.49958838415e-009	1.98066744304e-005
2.63114566753e-009	2.06442227011e-005
2.76270295091e-009	1.01190327086e-005
2.89426023428e-009	-9.28354016594e-006
3.02581751766e-009	-2.93012604402e-005
3.15737480104e-009	-3.88295126754e-005
3.28893208441e-009	-2.94058001487e-005
3.42048936779e-009	-8.24337263339e-007
3.55204665117e-009	3.63676271036e-005
3.68360393454e-009	6.38190996369e-005
3.81516121792e-009	6.35477459809e-005
3.9467185013e-009	2.81389231418e-005
4.07827578467e-009	-3.22518287135e-005
4.20983306805e-009	-9.08733538836e-005
4.34139035143e-009	-0.000114948456712
4.4729476348e-009	-8.23460338779e-005
4.60450491818e-009	3.42402154274e-006
4.73606220156e-009	0.000108704108015
4.86761948493e-009	0.000180807616289
4.99917676831e-009	0.000172371854205
5.13073405168e-009	6.87302660936e-005
5.26229133506e-009	-9.62396356954e-005
5.39384861844e-009	-0.000247369789577
5.52540590181e-009	-0.000299823721889
5.65696318519e-009	-0.000203233884804
5.78852046857e-009	2.31975634222e-005
5.92007775194e-009	0.000285955993604
6.05163503532e-009	0.000451980588878
6.1831923187e-009	0.000412301834331
6.31474960207e-009	0.00014589230841
6.44630688545e-009	-0.000251069657224
6.57786416883e-009	-0.000593471389948
6.7094214522e-009	-0.000689153419444
6.84097873558e-009	-0.000440507687927
6.97253601896e-009	8.54625886859e-005
7.10409330233e-009	0.000662343853037
7.23565058571e-009	0.000995862919808
7.36720786909e-009	0.000868151721079
7.49876515246e-009	0.000266661161731
7.63032243584e-009	-0.000574043187044
7.76187971922e-009	-0.00125477881011
7.89343700259e-009	-0.00139521482197
8.02499428597e-009	-0.000837053441501
8.15655156934e-009	0.000237972224568
8.28810885272e-009	0.00135121033964
8.4196661361e-009	0.00193304391723
8.55122341947e-009	0.00160705090457
8.68278070285e-009	0.000413823019699
8.81433798623e-009	-0.00115204700705
8.9458952696e-009	-0.00233713553098
9.07745255298e-009	-0.00248547577212
9.20900983636e-009	-0.00139053442399
9.34056711973e-009	0.000541734666513
9.47212440311e-009	0.00242745696596
9.60368168649e-009	0.00330303701776
9.73523896986e-009	0.00261100094212
9.86679625324e-009	0.000531230698471
9.99835353662e-009	-0.00203128118665
1.012991082e-008	-0.00383285827411
1.02614681034e-008	-0.00389120780164
1.03930253867e-008	-0.00201129565539
1.05245826701e-008	0.00104095694951
1.06561399535e-008	0.00383964942739
1.07876972369e-008	0.00496333658521
1.09192545203e-008	0.00371443171025
1.10508118036e-008	0.00053029197079
1.1182369087e-008	-0.00314887971035
1.13139263704e-008	-0.00553022025269
1.14454836538e-008	-0.00534410531691
1.15770409371e-008	-0.00251672902959
1.17085982205e-008	0.00171568831865
1.18401555039e-008	0.00534493709711
1.19717127873e-008	0.00654898614448
1.21032700706e-008	0.004610716569
1.2234827354e-008	0.000331791849021
1.23663846374e-008	-0.00429279966193
1.24979419208e-008	-0.00701152822876
1.26294992041e-008	-0.00642169421189
1.27610564875e-008	-0.00269622296764
1.28926137709e-008	0.002446541479
1.30241710543e-008	0.00654171744827
1.31557283377e-008	0.00757131222053
1.3287285621e-008	0.00496868966729
1.34188429044e-008	-7.08948864485e-005
1.35504001878e-008	-0.0051436544818
1.36819574712e-008	-0.00779650856566
1.38135147545e-008	-0.00672712888627
1.39450720379e-008	-0.00243108000723
1.40766293213e-008	0.00302937758534
1.42081866047e-008	0.00702635133348
1.4339743888e-008	0.00764601244009
1.44713011714e-008	0.00461652591184
1.46028584548e-008	-0.000571312924876
1.47344157382e-008	-0.00540497184556
1.48659730215e-008	-0.00758080153901
1.49975303049e-008	-0.00611492664029
1.51290875883e-008	-0.0017924190106
1.52606448717e-008	0.00325233431795
1.53922021551e-008	0.00659966761305
1.55237594384e-008	0.00671756382508
1.56553167218e-008	0.0036688571854
1.57868740052e-008	-0.000976549070401
1.59184312886e-008	-0.00495366910036
1.60499885719e-008	-0.00641644833377
1.61815458553e-008	-0.00480101421999
1.63131031387e-008	-0.00103149861388
1.64446604221e-008	0.00299912330956
1.65762177054e-008	0.00538459556992
1.67077749888e-008	0.0051121856377
1.68393322722e-008	0.00248680572258
1.69708895556e-008	-0.00110138228047
1.71024468389e-008	-0.0039107329867
1.72340041223e-008	-0.00469628353312
1.73655614057e-008	-0.00325772057113
1.74971186891e-008	-0.00044840532064
1.76286759725e-008	0.00231499329675
1.77602332558e-008	0.00376593299006
1.78917905392e-008	0.00336527696345
1.80233478226e-008	0.00148121408711
1.8154905106e-008	-0.000874306519108
1.82864623893e-008	-0.00258247983584
1.84180196727e-008	-0.00294536192087
1.85495769561e-008	-0.00195742315555
1.86811342395e-008	-0.000223946542974
1.88126915228e-008	0.0013918960758
1.89442488062e-008	0.00219380803901
1.90758060896e-008	0.00194227341854
1.9207363373e-008	0.000895113509614
1.93389206564e-008	-0.000382370251828
1.94704779397e-008	-0.001314403984
1.96020352231e-008	-0.00156622151553
1.97335925065e-008	-0.0011449008598
1.98651497899e-008	-0.000333029416652
1.99967070732e-008	0.000481898488943
2.01282643566e-008	0.000985531616607
2.025982164e-008	0.00104417915281
2.03913789234e-008	0.000714401041478
2.05229362067e-008	0.000177659494057
2.06544934901e-008	-0.000351647853677
2.07860507735e-008	-0.00070166273872
2.09176080569e-008	-0.000782478824476
2.10491653402e-008	-0.00059305717059
2.11807226236e-008	-0.000208896974073
2.1312279907e-008	0.000240373683482
2.14438371904e-008	0.000602738495218
2.15753944738e-008	0.000746358333345
2.17069517571e-008	0.000606835441431
2.18385090405e-008	0.000221821472223
2.19700663239e-008	-0.000268527184744
2.21016236073e-008	-0.00066656859417
2.22331808906e-008	-0.000796966214693
2.2364738174e-008	-0.000588400813285
2.24962954574e-008	-0.000116459921628
2.26278527408e-008	0.0004192636261
2.27594100241e-008	0.0007798921215
2.28909673075e-008	0.00079728954006
2.30225245909e-008	0.000456572834082
2.31540818743e-008	-9.14253796509e-005
2.32856391576e-008	-0.000597166726948
2.3417196441e-008	-0.000828706517495
2.35487537244e-008	-0.000681444367729
2.36803110078e-008	-0.000227642412483
2.38118682912e-008	0.00031876513458
2.39434255745e-008	0.000704774765836
2.40749828579e-008	0.000758045818657
2.42065401413e-008	0.000465719986096
2.43380974247e-008	-2.45885480581e-005
2.4469654708e-008	-0.000479821377667
2.46012119914e-008	-0.000693923400831
2.47327692748e-008	-0.000582561568081
2.48643265582e-008	-0.000215899002797
2.49958838415e-008	0.000222936093905
2.51274411249e-008	0.000529814278707
2.52589984083e-008	0.000575457946979
2.53905556917e-008	0.000359763868801
2.5522112975e-008	1.958557732e-006
2.56536702584e-008	-0.000323991783262
2.57852275418e-008	-0.000474091481919
2.59167848252e-008	-0.000397820046601
2.60483421086e-008	-0.000152561311097
2.61798993919e-008	0.000133321766953
2.63114566753e-008	0.000326668494381
2.64430139587e-008	0.000351177937773
2.65745712421e-008	0.000216214163174
