% time-domain current integration by openEMS v0.0.35 @Thu May 16 11:09:24 2019
% start-coordinates: (0.0183967,-0.116026,0.011524) m -> [139,45,39]
% stop-coordinates: (0.01885,-0.11546,0.011524) m -> [140,46,39]
% t/s	current
3.33225135199e-014	0
1.3159060589e-010	9.92911441955e-009
2.63147889267e-010	1.59460462612e-008
3.94705172643e-010	1.50295171863e-008
5.2626245602e-010	5.1241997312e-009
6.57819739396e-010	-1.07191873155e-008
7.89377022773e-010	-2.36366446416e-008
9.20934306149e-010	-2.66687969486e-008
1.05249158953e-009	-1.46585659166e-008
1.1840488729e-009	1.17110552367e-008
1.31560615628e-009	4.09305478399e-008
1.44716343966e-009	5.7192593772e-008
1.57872072303e-009	4.57341045035e-008
1.71027800641e-009	2.38723152357e-009
1.84183528978e-009	-5.80110643966e-008
1.97339257316e-009	-1.06463147631e-007
2.10494985654e-009	-1.10866047009e-007
2.23650713991e-009	-5.30494652651e-008
2.36806442329e-009	5.39492042151e-008
2.49962170667e-009	1.63708008927e-007
2.63117899004e-009	2.13970110963e-007
2.76273627342e-009	1.58529715577e-007
2.8942935568e-009	-3.90945409379e-009
3.02585084017e-009	-2.1376771997e-007
3.15740812355e-009	-3.6705051798e-007
3.28896540693e-009	-3.61093924539e-007
3.4205226903e-009	-1.52423467625e-007
3.55207997368e-009	2.01369218189e-007
3.68363725706e-009	5.44163356153e-007
3.81519454043e-009	6.81201470343e-007
3.94675182381e-009	4.78149843275e-007
4.07830910719e-009	-4.59142484033e-008
4.20986639056e-009	-6.8730548719e-007
4.34142367394e-009	-1.1215648783e-006
4.47298095732e-009	-1.05313586118e-006
4.60453824069e-009	-3.88473807789e-007
4.73609552407e-009	6.59145655391e-007
4.86765280745e-009	1.60987042364e-006
4.99921009082e-009	1.91788535631e-006
5.1307673742e-009	1.2570050103e-006
5.26232465757e-009	-2.46039576268e-007
5.39388194095e-009	-1.97240706257e-006
5.52543922433e-009	-3.03534966406e-006
5.6569965077e-009	-2.70451096185e-006
5.78855379108e-009	-8.41970859256e-007
5.92011107446e-009	1.88805881862e-006
6.05166835783e-009	4.20325204686e-006
6.18322564121e-009	4.76713375974e-006
6.31478292459e-009	2.90389471047e-006
6.44634020796e-009	-8.95475693596e-007
6.57789749134e-009	-4.99648740515e-006
6.70945477472e-009	-7.27050428395e-006
6.84101205809e-009	-6.14264263277e-006
6.97256934147e-009	-1.54854046741e-006
7.10412662485e-009	4.73826094094e-006
7.23568390822e-009	9.70682503976e-006
7.3672411916e-009	1.04878145066e-005
7.49879847498e-009	5.91036859987e-006
7.63035575835e-009	-2.56878843174e-006
7.76191304173e-009	-1.11758326966e-005
7.89347032511e-009	-1.54204790306e-005
8.02502760848e-009	-1.23512036225e-005
8.15658489186e-009	-2.37024710259e-006
8.28814217523e-009	1.0432048839e-005
8.41969945861e-009	1.98411944439e-005
8.55125674199e-009	2.0450732336e-005
8.68281402536e-009	1.06194174805e-005
8.81437130874e-009	-6.10731194683e-006
8.94592859212e-009	-2.20906222239e-005
9.07748587549e-009	-2.8994261811e-005
9.20904315887e-009	-2.20227739192e-005
9.34060044225e-009	-2.89312447421e-006
9.47215772562e-009	2.01892180485e-005
9.603715009e-009	3.59318946721e-005
9.73527229238e-009	3.53933173756e-005
9.86682957575e-009	1.68781116372e-005
9.99838685913e-009	-1.23221579997e-005
1.01299441425e-008	-3.8621663407e-005
1.02615014259e-008	-4.83845396957e-005
1.03930587093e-008	-3.48901630787e-005
1.05246159926e-008	-2.50355424214e-006
1.0656173276e-008	3.43955107382e-005
1.07877305594e-008	5.77129430894e-005
1.09192878428e-008	5.44588074263e-005
1.10508451261e-008	2.38089487539e-005
1.11824024095e-008	-2.13663115574e-005
1.13139596929e-008	-5.97872494836e-005
1.14455169763e-008	-7.17668153811e-005
1.15770742596e-008	-4.92392937304e-005
1.1708631543e-008	-7.2723366884e-007
1.18401888264e-008	5.1667324442e-005
1.19717461098e-008	8.23240407044e-005
1.21033033932e-008	7.46470759623e-005
1.22348606765e-008	2.99375933537e-005
1.23664179599e-008	-3.21088082273e-005
1.24979752433e-008	-8.20607456262e-005
1.26295325267e-008	-9.47736771195e-005
1.276108981e-008	-6.20671562501e-005
1.28926470934e-008	2.35180732489e-006
1.30242043768e-008	6.85719351168e-005
1.31557616602e-008	0.000104453109088
1.32873189435e-008	9.13237527129e-005
1.34188762269e-008	3.36855518981e-005
1.35504335103e-008	-4.21219156124e-005
1.36819907937e-008	-0.000100043718703
1.3813548077e-008	-0.000111602566903
1.39451053604e-008	-6.99988304405e-005
1.40766626438e-008	6.01316696702e-006
1.42082199272e-008	8.06411771919e-005
1.43397772106e-008	0.000118069452583
1.44713344939e-008	9.98090545181e-005
1.46028917773e-008	3.39011385222e-005
1.47344490607e-008	-4.86409771838e-005
1.48660063441e-008	-0.000108572567115
1.49975636274e-008	-0.000117264746223
1.51291209108e-008	-7.05194033799e-005
1.52606781942e-008	9.37952790991e-006
1.53922354776e-008	8.43920788611e-005
1.55237927609e-008	0.000119014570373
1.56553500443e-008	9.72571870079e-005
1.57869073277e-008	3.01082673104e-005
1.59184646111e-008	-5.00346068293e-005
1.60500218945e-008	-0.000105134095065
1.61815791778e-008	-0.000109741478809
1.63131364612e-008	-6.28683774266e-005
1.64446937446e-008	1.20885524666e-005
1.6576251028e-008	7.90808990132e-005
1.67078083113e-008	0.000106886276626
1.68393655947e-008	8.37913830765e-005
1.69709228781e-008	2.25169169425e-005
1.71024801615e-008	-4.66762503493e-005
1.72340374448e-008	-9.10014787223e-005
1.73655947282e-008	-9.07964858925e-005
1.74971520116e-008	-4.82876130263e-005
1.7628709295e-008	1.44539499161e-005
1.77602665783e-008	6.69247092446e-005
1.78918238617e-008	8.50822543725e-005
1.80233811451e-008	6.24167587375e-005
1.81549384285e-008	1.20797885756e-005
1.82864957119e-008	-4.04918828281e-005
1.84180529952e-008	-7.04080011928e-005
1.85496102786e-008	-6.51426234981e-005
1.8681167562e-008	-2.97119586321e-005
1.88127248454e-008	1.68862825376e-005
1.89442821287e-008	5.17180451425e-005
1.90758394121e-008	5.91802054259e-005
1.92073966955e-008	3.79597840947e-005
1.93389539789e-008	5.99731379225e-007
1.94705112622e-008	-3.3612956031e-005
1.96020685456e-008	-4.85077252961e-005
1.9733625829e-008	-3.86323808925e-005
1.98651831124e-008	-1.10411692731e-005
1.99967403957e-008	1.91804792848e-005
2.01282976791e-008	3.69862791558e-005
2.02598549625e-008	3.47800378222e-005
2.03914122459e-008	1.55482412083e-005
2.05229695293e-008	-9.5159484772e-006
2.06545268126e-008	-2.72924007731e-005
2.0786084096e-008	-2.94775236398e-005
2.09176413794e-008	-1.63722543221e-005
2.10491986628e-008	3.97056237489e-006
2.11807559461e-008	2.04607586056e-005
2.13123132295e-008	2.48725664278e-005
2.14438705129e-008	1.58464936248e-005
2.15754277963e-008	-9.13517965273e-007
2.17069850796e-008	-1.60817689903e-005
2.1838542363e-008	-2.17801425606e-005
2.19700996464e-008	-1.55666311912e-005
2.21016569298e-008	-1.36527046379e-006
2.22332142131e-008	1.29466807266e-005
2.23647714965e-008	1.98469133466e-005
2.24963287799e-008	1.6044386939e-005
2.26278860633e-008	3.95890401705e-006
2.27594433467e-008	-9.81571429293e-006
2.289100063e-008	-1.81062860065e-005
2.30225579134e-008	-1.68612532434e-005
2.31541151968e-008	-7.0665973908e-006
2.32856724802e-008	5.99688974035e-006
2.34172297635e-008	1.56299320224e-005
2.35487870469e-008	1.71534011315e-005
2.36803443303e-008	1.01483001345e-005
2.38119016137e-008	-1.55554766934e-006
2.3943458897e-008	-1.20029089885e-005
2.40750161804e-008	-1.61654643307e-005
2.42065734638e-008	-1.23543486552e-005
2.43381307472e-008	-2.8447227578e-006
2.44696880305e-008	7.47647527533e-006
2.46012453139e-008	1.36430007842e-005
2.47328025973e-008	1.30048274514e-005
2.48643598807e-008	6.33370154901e-006
2.49959171641e-008	-2.79834921457e-006
2.51274744474e-008	-9.93360572465e-006
2.52590317308e-008	-1.19111919048e-005
2.53905890142e-008	-8.25057941256e-006
2.55221462976e-008	-1.1439899481e-006
2.56537035809e-008	5.814474207e-006
2.57852608643e-008	9.44231942412e-006
2.59168181477e-008	8.41439396027e-006
2.60483754311e-008	3.6923161133e-006
2.61799327144e-008	-2.16210355575e-006
2.63114899978e-008	-6.35037122265e-006
2.64430472812e-008	-7.16304657544e-006
2.65746045646e-008	-4.64749246021e-006
