% time-domain current integration by openEMS v0.0.35 @Fri May 17 01:08:01 2019
% start-coordinates: (0.0183967,-0.116026,0.011524) m -> [139,45,39]
% stop-coordinates: (0.01885,-0.11546,0.011524) m -> [140,46,39]
% t/s	current
3.33225135199e-014	0
1.3159060589e-010	9.92911441955e-009
2.63147889267e-010	1.59460462612e-008
3.94705172643e-010	1.50295171863e-008
5.2626245602e-010	5.1241997312e-009
6.57819739396e-010	-1.07191873155e-008
7.89377022773e-010	-2.36366446416e-008
9.20934306149e-010	-2.66687969486e-008
1.05249158953e-009	-1.46585659166e-008
1.1840488729e-009	1.17110552367e-008
1.31560615628e-009	4.09305478399e-008
1.44716343966e-009	5.7192593772e-008
1.57872072303e-009	4.57341045035e-008
1.71027800641e-009	2.38723152357e-009
1.84183528978e-009	-5.80110643966e-008
1.97339257316e-009	-1.06463147631e-007
2.10494985654e-009	-1.10866047009e-007
2.23650713991e-009	-5.30494652651e-008
2.36806442329e-009	5.39492042151e-008
2.49962170667e-009	1.63708008927e-007
2.63117899004e-009	2.13970110963e-007
2.76273627342e-009	1.58529715577e-007
2.8942935568e-009	-3.90945409379e-009
3.02585084017e-009	-2.1376771997e-007
3.15740812355e-009	-3.6705051798e-007
3.28896540693e-009	-3.61093924539e-007
3.4205226903e-009	-1.52423467625e-007
3.55207997368e-009	2.01369218189e-007
3.68363725706e-009	5.44163356153e-007
3.81519454043e-009	6.81201470343e-007
3.94675182381e-009	4.78149843275e-007
4.07830910719e-009	-4.59142484033e-008
4.20986639056e-009	-6.8730548719e-007
4.34142367394e-009	-1.1215648783e-006
4.47298095732e-009	-1.05313586118e-006
4.60453824069e-009	-3.88473807789e-007
4.73609552407e-009	6.59145655391e-007
4.86765280745e-009	1.60987042364e-006
4.99921009082e-009	1.91788535631e-006
5.1307673742e-009	1.2570050103e-006
5.26232465757e-009	-2.46039576268e-007
5.39388194095e-009	-1.97240706257e-006
5.52543922433e-009	-3.03534966406e-006
5.6569965077e-009	-2.70451096185e-006
5.78855379108e-009	-8.41970859256e-007
5.92011107446e-009	1.88805881862e-006
6.05166835783e-009	4.20325204686e-006
6.18322564121e-009	4.76713375974e-006
6.31478292459e-009	2.90389471047e-006
6.44634020796e-009	-8.95475693596e-007
6.57789749134e-009	-4.99648740515e-006
6.70945477472e-009	-7.27050428395e-006
6.84101205809e-009	-6.14264263277e-006
6.97256934147e-009	-1.54854046741e-006
7.10412662485e-009	4.73826094094e-006
7.23568390822e-009	9.70682503976e-006
7.3672411916e-009	1.04878145066e-005
7.49879847498e-009	5.91036859987e-006
7.63035575835e-009	-2.56878843174e-006
7.76191304173e-009	-1.11758326966e-005
7.89347032511e-009	-1.54204790306e-005
8.02502760848e-009	-1.23512036225e-005
8.15658489186e-009	-2.37024710259e-006
8.28814217523e-009	1.0432048839e-005
8.41969945861e-009	1.98411944439e-005
8.55125674199e-009	2.0450732336e-005
8.68281402536e-009	1.06194174805e-005
8.81437130874e-009	-6.10731194683e-006
8.94592859212e-009	-2.20906222239e-005
9.07748587549e-009	-2.8994261811e-005
9.20904315887e-009	-2.20227739192e-005
9.34060044225e-009	-2.89312447421e-006
9.47215772562e-009	2.01892180485e-005
9.603715009e-009	3.59318946721e-005
9.73527229238e-009	3.53933173756e-005
9.86682957575e-009	1.68781116372e-005
9.99838685913e-009	-1.23221579997e-005
1.01299441425e-008	-3.8621663407e-005
1.02615014259e-008	-4.83845396957e-005
1.03930587093e-008	-3.48901630787e-005
1.05246159926e-008	-2.50355424214e-006
1.0656173276e-008	3.43955107382e-005
1.07877305594e-008	5.77129430894e-005
1.09192878428e-008	5.44588074263e-005
1.10508451261e-008	2.38089487539e-005
1.11824024095e-008	-2.13663115574e-005
1.13139596929e-008	-5.97872494836e-005
1.14455169763e-008	-7.17668153811e-005
1.15770742596e-008	-4.92392937304e-005
1.1708631543e-008	-7.2723366884e-007
1.18401888264e-008	5.1667324442e-005
1.19717461098e-008	8.23240407044e-005
1.21033033932e-008	7.46470759623e-005
1.22348606765e-008	2.99375933537e-005
1.23664179599e-008	-3.21088082273e-005
1.24979752433e-008	-8.20607456262e-005
1.26295325267e-008	-9.47736771195e-005
1.276108981e-008	-6.20671562501e-005
1.28926470934e-008	2.35180732489e-006
1.30242043768e-008	6.85719351168e-005
1.31557616602e-008	0.000104453109088
1.32873189435e-008	9.13237527129e-005
1.34188762269e-008	3.36855518981e-005
1.35504335103e-008	-4.21219156124e-005
1.36819907937e-008	-0.000100043718703
1.3813548077e-008	-0.000111602566903
1.39451053604e-008	-6.99988304405e-005
1.40766626438e-008	6.01316696702e-006
1.42082199272e-008	8.06411771919e-005
1.43397772106e-008	0.000118069452583
1.44713344939e-008	9.98090545181e-005
1.46028917773e-008	3.39011385222e-005
1.47344490607e-008	-4.86409771838e-005
1.48660063441e-008	-0.000108572567115
1.49975636274e-008	-0.000117264746223
1.51291209108e-008	-7.05194033799e-005
1.52606781942e-008	9.37952790991e-006
1.53922354776e-008	8.43920788611e-005
1.55237927609e-008	0.000119014570373
1.56553500443e-008	9.72571870079e-005
1.57869073277e-008	3.01082673104e-005
1.59184646111e-008	-5.00346068293e-005
1.60500218945e-008	-0.000105134095065
1.61815791778e-008	-0.000109741478809
1.63131364612e-008	-6.28683774266e-005
1.64446937446e-008	1.20885524666e-005
1.6576251028e-008	7.90808990132e-005
1.67078083113e-008	0.000106886276626
1.68393655947e-008	8.37913830765e-005
1.69709228781e-008	2.25169169425e-005
1.71024801615e-008	-4.66762503493e-005
1.72340374448e-008	-9.10014787223e-005
1.73655947282e-008	-9.07964858925e-005
1.74971520116e-008	-4.82876130263e-005
1.7628709295e-008	1.44539499161e-005
1.77602665783e-008	6.69247092446e-005
1.78918238617e-008	8.50822543725e-005
1.80233811451e-008	6.24167587375e-005
1.81549384285e-008	1.20797885756e-005
1.82864957119e-008	-4.04918828281e-005
1.84180529952e-008	-7.04080011928e-005
1.85496102786e-008	-6.51426234981e-005
1.8681167562e-008	-2.97119586321e-005
1.88127248454e-008	1.68862825376e-005
1.89442821287e-008	5.17180451425e-005
1.90758394121e-008	5.91802054259e-005
1.92073966955e-008	3.79597840947e-005
1.93389539789e-008	5.99731379225e-007
1.94705112622e-008	-3.3612956031e-005
1.96020685456e-008	-4.85077252961e-005
1.9733625829e-008	-3.86323808925e-005
1.98651831124e-008	-1.10411692731e-005
1.99967403957e-008	1.91804792848e-005
2.01282976791e-008	3.69862791558e-005
2.02598549625e-008	3.47800378222e-005
2.03914122459e-008	1.55482412083e-005
2.05229695293e-008	-9.5159484772e-006
2.06545268126e-008	-2.72924007731e-005
2.0786084096e-008	-2.94775236398e-005
2.09176413794e-008	-1.63722543221e-005
2.10491986628e-008	3.97056237489e-006
2.11807559461e-008	2.04607586056e-005
2.13123132295e-008	2.48725664278e-005
2.14438705129e-008	1.58464936248e-005
2.15754277963e-008	-9.13517965273e-007
2.17069850796e-008	-1.60817689903e-005
2.1838542363e-008	-2.17801425606e-005
2.19700996464e-008	-1.55666311912e-005
2.21016569298e-008	-1.36527046379e-006
2.22332142131e-008	1.29466807266e-005
2.23647714965e-008	1.98469133466e-005
2.24963287799e-008	1.6044386939e-005
2.26278860633e-008	3.95890401705e-006
2.27594433467e-008	-9.81571429293e-006
2.289100063e-008	-1.81062860065e-005
2.30225579134e-008	-1.68612532434e-005
2.31541151968e-008	-7.0665973908e-006
2.32856724802e-008	5.99688974035e-006
2.34172297635e-008	1.56299320224e-005
2.35487870469e-008	1.71534011315e-005
2.36803443303e-008	1.01483001345e-005
2.38119016137e-008	-1.55554766934e-006
2.3943458897e-008	-1.20029089885e-005
2.40750161804e-008	-1.61654643307e-005
2.42065734638e-008	-1.23543486552e-005
2.43381307472e-008	-2.8447227578e-006
2.44696880305e-008	7.47647527533e-006
2.46012453139e-008	1.36430007842e-005
2.47328025973e-008	1.30048274514e-005
2.48643598807e-008	6.33370154901e-006
2.49959171641e-008	-2.79834921457e-006
2.51274744474e-008	-9.93360572465e-006
2.52590317308e-008	-1.19111919048e-005
2.53905890142e-008	-8.25057941256e-006
2.55221462976e-008	-1.1439899481e-006
2.56537035809e-008	5.814474207e-006
2.57852608643e-008	9.44231942412e-006
2.59168181477e-008	8.41439396027e-006
2.60483754311e-008	3.6923161133e-006
2.61799327144e-008	-2.16210355575e-006
2.63114899978e-008	-6.35037122265e-006
2.64430472812e-008	-7.16304657544e-006
2.65746045646e-008	-4.64749246021e-006
2.67061618479e-008	-3.77349351766e-007
2.68377191313e-008	3.46546903529e-006
2.69692764147e-008	5.18276010553e-006
2.71008336981e-008	4.29043484473e-006
2.72323909815e-008	1.58535033279e-006
2.73639482648e-008	-1.40156862471e-006
2.74955055482e-008	-3.22969890476e-006
2.76270628316e-008	-3.2222471873e-006
2.7758620115e-008	-1.68476140061e-006
2.78901773983e-008	3.8047235762e-007
2.80217346817e-008	1.86249212675e-006
2.81532919651e-008	2.10788903132e-006
2.82848492485e-008	1.18887066947e-006
2.84164065318e-008	-2.25780013352e-007
2.85479638152e-008	-1.28836597924e-006
2.86795210986e-008	-1.43721808854e-006
2.8811078382e-008	-6.64733306621e-007
2.89426356654e-008	5.10416043653e-007
2.90741929487e-008	1.37113249821e-006
2.92057502321e-008	1.40088752687e-006
2.93373075155e-008	5.61229398954e-007
2.94688647989e-008	-6.95317851296e-007
2.96004220822e-008	-1.67393966422e-006
2.97319793656e-008	-1.80649351478e-006
2.9863536649e-008	-9.55506720857e-007
2.99950939324e-008	5.00270630255e-007
3.01266512157e-008	1.84626105693e-006
3.02582084991e-008	2.38416305365e-006
3.03897657825e-008	1.78429900188e-006
3.05213230659e-008	2.66118547643e-007
3.06528803492e-008	-1.48845049353e-006
3.07844376326e-008	-2.64788832283e-006
3.0915994916e-008	-2.62456615019e-006
3.10475521994e-008	-1.36614721669e-006
3.11791094828e-008	5.98799601903e-007
3.13106667661e-008	2.38840493694e-006
3.14422240495e-008	3.16739169648e-006
3.15737813329e-008	2.53528264693e-006
3.17053386163e-008	7.26586222299e-007
3.18368958996e-008	-1.4765208789e-006
3.1968453183e-008	-3.08566677631e-006
3.21000104664e-008	-3.35185222866e-006
3.22315677498e-008	-2.11411702367e-006
3.23631250331e-008	1.09927256631e-007
3.24946823165e-008	2.34146182265e-006
3.26262395999e-008	3.57381168214e-006
3.27577968833e-008	3.22971436617e-006
3.28893541666e-008	1.43287763876e-006
3.302091145e-008	-1.03352931546e-006
3.31524687334e-008	-3.06992410515e-006
3.32840260168e-008	-3.75416243514e-006
3.34155833002e-008	-2.76287687484e-006
3.35471405835e-008	-5.26337885276e-007
3.36786978669e-008	1.95869370145e-006
3.38102551503e-008	3.57591557076e-006
3.39418124337e-008	3.59461182597e-006
3.4073369717e-008	2.00376143766e-006
3.42049270004e-008	-4.7995871455e-007
3.43364842838e-008	-2.73617092716e-006
3.44680415672e-008	-3.7497491121e-006
3.45995988505e-008	-3.07239429276e-006
3.47311561339e-008	-1.02430374227e-006
3.48627134173e-008	1.4565107449e-006
3.49942707007e-008	3.24642564919e-006
3.5125827984e-008	3.54909388989e-006
3.52573852674e-008	2.25365238293e-006
3.53889425508e-008	-2.51721719025e-008
3.55204998342e-008	-2.2387800982e-006
3.56520571176e-008	-3.39039866049e-006
3.57836144009e-008	-2.98770078189e-006
3.59151716843e-008	-1.25526526062e-006
3.60467289677e-008	9.86019472293e-007
3.61782862511e-008	2.70888995146e-006
3.63098435344e-008	3.15337706525e-006
3.64414008178e-008	2.16444368561e-006
3.65729581012e-008	2.42268328066e-007
3.67045153846e-008	-1.70851819803e-006
3.68360726679e-008	-2.80589824797e-006
3.69676299513e-008	-2.59138028014e-006
3.70991872347e-008	-1.22150061088e-006
3.72307445181e-008	6.3003244577e-007
3.73623018014e-008	2.10269445233e-006
3.74938590848e-008	2.55007239502e-006
3.76254163682e-008	1.82420967576e-006
3.77569736516e-008	3.17831080565e-007
3.7888530935e-008	-1.24305961435e-006
3.80200882183e-008	-2.14832107304e-006
3.81516455017e-008	-2.02705359698e-006
3.82832027851e-008	-9.97530150926e-007
3.84147600685e-008	4.1547048113e-007
3.85463173518e-008	1.54513338657e-006
3.86778746352e-008	1.8965063191e-006
3.88094319186e-008	1.36240510074e-006
3.8940989202e-008	2.47621414928e-007
3.90725464853e-008	-8.98039274944e-007
3.92041037687e-008	-1.54856957124e-006
3.93356610521e-008	-1.44208354413e-006
3.94672183355e-008	-6.83273299273e-007
3.95987756188e-008	3.30410330207e-007
3.97303329022e-008	1.11275858217e-006
3.98618901856e-008	1.3200669855e-006
3.9993447469e-008	9.00242469015e-007
4.01250047524e-008	9.6132552585e-008
4.02565620357e-008	-6.88654836267e-007
4.03881193191e-008	-1.08924973574e-006
4.05196766025e-008	-9.47206558521e-007
4.06512338859e-008	-3.69830758018e-007
4.07827911692e-008	3.38635686603e-007
4.09143484526e-008	8.3362829173e-007
4.1045905736e-008	8.95273387869e-007
4.11774630194e-008	5.23988944678e-007
4.13090203027e-008	-7.40092005458e-008
4.14405775861e-008	-5.9744832015e-007
4.15721348695e-008	-7.99144800112e-007
4.17036921529e-008	-6.00458292865e-007
4.18352494363e-008	-1.19342161042e-007
4.19668067196e-008	3.96552593429e-007
4.2098364003e-008	6.94965422099e-007
4.22299212864e-008	6.40066559754e-007
4.23614785698e-008	2.72467275408e-007
4.24930358531e-008	-2.17537206026e-007
4.26245931365e-008	-5.87058423207e-007
4.27561504199e-008	-6.5920033876e-007
4.28877077033e-008	-4.05913169743e-007
4.30192649866e-008	4.27522834912e-008
4.315082227e-008	4.65087310886e-007
4.32823795534e-008	6.56179508951e-007
4.34139368368e-008	5.25860684775e-007
4.35454941201e-008	1.39995563586e-007
4.36770514035e-008	-3.13218521342e-007
4.38086086869e-008	-6.14720761405e-007
4.39401659703e-008	-6.19675574853e-007
4.40717232537e-008	-3.25984387928e-007
4.4203280537e-008	1.25485996705e-007
4.43348378204e-008	5.18757417467e-007
4.44663951038e-008	6.65673610456e-007
4.45979523872e-008	4.95407334711e-007
4.47295096705e-008	8.80964847738e-008
4.48610669539e-008	-3.63174194717e-007
4.49926242373e-008	-6.43935152311e-007
4.51241815207e-008	-6.20160108156e-007
4.5255738804e-008	-3.02120781726e-007
4.53872960874e-008	1.601598143e-007
4.55188533708e-008	5.47788772565e-007
4.56504106542e-008	6.76792978993e-007
4.57819679375e-008	4.85676309836e-007
4.59135252209e-008	6.49034248568e-008
4.60450825043e-008	-3.85840621675e-007
4.61766397877e-008	-6.5256989501e-007
4.63081970711e-008	-6.08962636761e-007
4.64397543544e-008	-2.76681817013e-007
4.65713116378e-008	1.85057643876e-007
4.67028689212e-008	5.55682504455e-007
4.68344262046e-008	6.58933515751e-007
4.69659834879e-008	4.47396161007e-007
4.70975407713e-008	2.47536444675e-008
4.72290980547e-008	-4.04472757509e-007
4.73606553381e-008	-6.3411573592e-007
4.74922126214e-008	-5.55807218916e-007
4.76237699048e-008	-2.10967314729e-007
4.77553271882e-008	2.30363681908e-007
4.78868844716e-008	5.52997789782e-007
4.80184417549e-008	6.01803833433e-007
4.81499990383e-008	3.56906468824e-007
4.82815563217e-008	-5.76979672928e-008
4.84131136051e-008	-4.36283841054e-007
4.85446708885e-008	-5.93258562276e-007
4.86762281718e-008	-4.54545499906e-007
4.88077854552e-008	-9.31848447294e-008
4.89393427386e-008	3.08226958623e-007
4.9070900022e-008	5.49249079995e-007
4.92024573053e-008	5.11588950758e-007
4.93340145887e-008	2.17575717443e-007
4.94655718721e-008	-1.8210437247e-007
4.95971291555e-008	-4.8492336191e-007
4.97286864388e-008	-5.38697122465e-007
4.98602437222e-008	-3.18073631433e-007
4.99918010056e-008	6.32155021663e-008
5.0123358289e-008	4.10405220919e-007
5.02549155723e-008	5.46591195416e-007
5.03864728557e-008	4.0253945599e-007
5.05180301391e-008	5.17818357082e-008
5.06495874225e-008	-3.26665855255e-007
5.07811447059e-008	-5.39222128282e-007
5.09127019892e-008	-4.76309963915e-007
5.10442592726e-008	-1.684391151e-007
5.1175816556e-008	2.28699235549e-007
5.13073738394e-008	5.12855649504e-007
5.14389311227e-008	5.37951848401e-007
5.15704884061e-008	2.88687004968e-007
5.17020456895e-008	-1.10755820515e-007
5.18336029729e-008	-4.58869891418e-007
5.19651602562e-008	-5.78471770041e-007
5.20967175396e-008	-4.06635990657e-007
5.2228274823e-008	-2.72723994499e-008
5.23598321064e-008	3.70268026018e-007
5.24913893897e-008	5.86095893595e-007
5.26229466731e-008	5.10343966198e-007
5.27545039565e-008	1.78870408263e-007
5.28860612399e-008	-2.44175168973e-007
5.30176185233e-008	-5.48154446278e-007
5.31491758066e-008	-5.8126948943e-007
5.328073309e-008	-3.26392950001e-007
