% time-domain voltage integration by openEMS v0.0.35 @Thu May 23 14:02:40 2019
% start-coordinates: (0.01885,-0.11546,0.01) m -> [101,28,25]
% stop-coordinates: (0.01885,-0.11546,0.023824) m -> [101,28,31]
% t/s	voltage
0	-0
1.31533449448e-010	3.07104880903e-006
2.63066898897e-010	3.32653380042e-006
3.94600348345e-010	1.68016489965e-006
5.26133797793e-010	-1.51065774645e-006
6.57667247242e-010	-5.2243803168e-006
7.8920069669e-010	-7.50640822389e-006
9.20734146139e-010	-6.35578288666e-006
1.05226759559e-009	-1.15223582497e-006
1.18380104504e-009	6.4098733219e-006
1.31533449448e-009	1.2878904613e-005
1.44686794393e-009	1.40645344118e-005
1.57840139338e-009	7.63921201496e-006
1.70993484283e-009	-5.21896737382e-006
1.84146829228e-009	-1.92319344023e-005
1.97300174173e-009	-2.68066041826e-005
2.10453519117e-009	-2.14542490085e-005
2.23606864062e-009	-2.2032435254e-006
2.36760209007e-009	2.44167626988e-005
2.49913553952e-009	4.57028450001e-005
2.63066898897e-009	4.80205098938e-005
2.76220243842e-009	2.40815447796e-005
2.89373588786e-009	-2.06786398849e-005
3.02526933731e-009	-6.72670703352e-005
3.15680278676e-009	-9.00064160305e-005
3.28833623621e-009	-6.90244000907e-005
3.41986968566e-009	-3.40120368492e-006
3.55140313511e-009	8.28411716611e-005
3.68293658455e-009	0.000147342794662
3.814470034e-009	0.000148167278894
3.94600348345e-009	6.75058299748e-005
4.0775369329e-009	-7.19169511285e-005
4.20907038235e-009	-0.000208670731809
4.3406038318e-009	-0.000266688370175
4.47213728124e-009	-0.000193807607502
4.60367073069e-009	3.2083376027e-006
4.73520418014e-009	0.000247551050052
4.86673762959e-009	0.000417450009991
4.99827107904e-009	0.000402303357987
5.12980452849e-009	0.000166143117895
5.26133797793e-009	-0.000214841946217
5.39287142738e-009	-0.000567840717849
5.52440487683e-009	-0.000695773065672
5.65593832628e-009	-0.000479351147078
5.78747177573e-009	4.07111290315e-005
5.91900522518e-009	0.000650845086057
6.05053867462e-009	0.00104338054371
6.18207212407e-009	0.000963149475865
6.31360557352e-009	0.000356031097908
6.44513902297e-009	-0.000560900254641
6.57667247242e-009	-0.00136185962765
6.70820592187e-009	-0.00159979272576
6.83973937132e-009	-0.00104168144026
6.97127282076e-009	0.000166430930904
7.10280627021e-009	0.00150704593398
7.23433971966e-009	0.00229909317568
7.36587316911e-009	0.00203055361635
7.49740661856e-009	0.00065941063076
7.62894006801e-009	-0.00128364322882
7.76047351745e-009	-0.00287948298501
7.8920069669e-009	-0.00324128023931
8.02354041635e-009	-0.00198620854644
8.1550738658e-009	0.000484432130179
8.28660731525e-009	0.0030751969316
8.4181407647e-009	0.0044654373778
8.54967421414e-009	0.00376578979194
8.68120766359e-009	0.00104325597931
8.81274111304e-009	-0.00258027594828
8.94427456249e-009	-0.0053670371417
9.07580801194e-009	-0.00578229123494
9.20734146139e-009	-0.00331443385221
9.33887491083e-009	0.00113229092676
9.47040836028e-009	0.00553082179977
9.60194180973e-009	0.00764084636467
9.73347525918e-009	0.00613480259199
9.86500870863e-009	0.00138073481503
9.99654215808e-009	-0.00456193115679
1.01280756075e-008	-0.00881666218629
1.0259609057e-008	-0.0090737832943
1.03911425064e-008	-0.00482234812807
1.05226759559e-008	0.00221899223106
1.06542094053e-008	0.00876953097759
1.07857428548e-008	0.011510500568
1.09172763042e-008	0.00876051175874
1.10488097537e-008	0.00145865240484
1.11803432031e-008	-0.00710323464591
1.13118766526e-008	-0.0127606220776
1.1443410102e-008	-0.012506591971
1.15749435515e-008	-0.00608026294503
1.17064770009e-008	0.00372291612439
1.18380104504e-008	0.0122597184964
1.19695438998e-008	0.0152497302042
1.21010773492e-008	0.0109305295628
1.22326107987e-008	0.00106745064841
1.23641442481e-008	-0.00975077797193
1.24956776976e-008	-0.0162609920371
1.2627211147e-008	-0.0151067498373
1.27587445965e-008	-0.0065759223653
1.28902780459e-008	0.00540906662354
1.30218114954e-008	0.0151076536858
1.31533449448e-008	0.0177376824431
1.32848783943e-008	0.0118564246222
1.34164118437e-008	0.000149290412082
1.35479452932e-008	-0.011804654845
1.36794787426e-008	-0.0182195864618
1.38110121921e-008	-0.0159349768655
1.39425456415e-008	-0.00599133991636
1.4074079091e-008	0.00684510119027
1.42056125404e-008	0.0163914416917
1.43371459899e-008	0.0180606618524
1.44686794393e-008	0.0110932857497
1.46002128888e-008	-0.00109094080108
1.47317463382e-008	-0.0125872503268
1.48632797877e-008	-0.0178990813438
1.49948132371e-008	-0.0145971924067
1.51263466866e-008	-0.00444339739624
1.5257880136e-008	0.00754712242633
1.53894135855e-008	0.0156060392037
1.55209470349e-008	0.0160166383721
1.56524804844e-008	0.00884487619624
1.57840139338e-008	-0.00221754431368
1.59155473833e-008	-0.011761412723
1.60470808327e-008	-0.0153284166008
1.61786142821e-008	-0.0115116230445
1.63101477316e-008	-0.0024898648262
1.6441681181e-008	0.00719363446115
1.65732146305e-008	0.0129312830977
1.67047480799e-008	0.0122586381622
1.68362815294e-008	0.00590433215257
1.69678149788e-008	-0.00275912450888
1.70993484283e-008	-0.00949955172837
1.72308818777e-008	-0.0113014695235
1.73624153272e-008	-0.00771102472208
1.74939487766e-008	-0.000852696713991
1.76254822261e-008	0.00578969845083
1.77570156755e-008	0.00914154434577
1.7888549125e-008	0.00795721437316
1.80200825744e-008	0.00323766615475
1.81516160239e-008	-0.00246349797089
1.82831494733e-008	-0.00640515016858
1.84146829228e-008	-0.00697094714269
1.85462163722e-008	-0.00430338608567
1.86777498217e-008	-2.90226307698e-005
1.88092832711e-008	0.003688843688
1.89408167206e-008	0.00523397157667
1.907235017e-008	0.00421927165007
1.92038836195e-008	0.00149171726662
1.93354170689e-008	-0.00144896008715
1.94669505184e-008	-0.0032530540775
1.95984839678e-008	-0.00332392007113
1.97300174173e-008	-0.00196128006792
1.98615508667e-008	-5.22633927176e-005
1.99930843162e-008	0.00145923350647
2.01246177656e-008	0.00202317920048
2.0256151215e-008	0.00164699231391
2.03876846645e-008	0.000750390041503
2.05192181139e-008	-0.000146564792885
2.06507515634e-008	-0.000701534416294
2.07822850128e-008	-0.000854599784361
2.09138184623e-008	-0.000746960664401
2.10453519117e-008	-0.000551100289158
2.11768853612e-008	-0.000342286431987
2.13084188106e-008	-8.84998007677e-005
2.14399522601e-008	0.000257722640526
2.15714857095e-008	0.00065286946483
2.1703019159e-008	0.000933586228712
2.18345526084e-008	0.000898042570043
2.19660860579e-008	0.000448960134236
2.20976195073e-008	-0.00029947978328
2.22291529568e-008	-0.00103333710285
2.23606864062e-008	-0.00138092020507
2.24922198557e-008	-0.0011142269941
2.26237533051e-008	-0.000295221565466
2.27552867546e-008	0.000724201847333
2.2886820204e-008	0.00146113053779
2.30183536535e-008	0.00154259301871
2.31498871029e-008	0.000902333395061
2.32814205524e-008	-0.000173334796273
2.34129540018e-008	-0.00117907224558
2.35444874513e-008	-0.00163753992456
2.36760209007e-008	-0.0013341824997
2.38075543502e-008	-0.000420613240749
2.39390877996e-008	0.000663895925754
2.40706212491e-008	0.00141026808342
2.42021546985e-008	0.00148524692668
2.43336881479e-008	0.000883148209141
2.44652215974e-008	-8.62997294462e-005
2.45967550468e-008	-0.000960121706157
2.47282884963e-008	-0.00134767344935
2.48598219457e-008	-0.00110758131268
2.49913553952e-008	-0.000395106769247
2.51228888446e-008	0.00043265941531
2.52544222941e-008	0.00099745096486
2.53859557435e-008	0.0010740057096
2.5517489193e-008	0.000677134743455
2.56490226424e-008	3.01768263853e-005
2.57805560919e-008	-0.000557942945306
2.59120895413e-008	-0.000840132857775
2.60436229908e-008	-0.000732859449272
2.61751564402e-008	-0.00033177002615
2.63066898897e-008	0.000154246040893
2.64382233391e-008	0.000509580826474
2.65697567886e-008	0.000605561432167
2.6701290238e-008	0.000441803215836
2.68328236875e-008	0.000125674775518
2.69643571369e-008	-0.00019069775044
2.70958905864e-008	-0.000381118843507
2.72274240358e-008	-0.000392120372453
2.73589574853e-008	-0.0002508142652
2.74904909347e-008	-3.85254604112e-005
2.76220243842e-008	0.000151711390572
2.77535578336e-008	0.000253088032878
2.78850912831e-008	0.000244552435106
2.80166247325e-008	0.000148960946262
2.8148158182e-008	1.58168128621e-005
2.82796916314e-008	-0.000101325995274
2.84112250808e-008	-0.000163818873261
2.85427585303e-008	-0.000158094568178
2.86742919797e-008	-9.56183337166e-005
2.88058254292e-008	-5.60714521924e-006
2.89373588786e-008	7.38929654744e-005
2.90688923281e-008	0.000114454054483
2.92004257775e-008	0.000105053212337
2.9331959227e-008	5.49612664145e-005
2.94634926764e-008	-1.06368705417e-005
2.95950261259e-008	-6.16013040826e-005
2.97265595753e-008	-7.63539419495e-005
2.98580930248e-008	-5.17325382816e-005
2.99896264742e-008	-3.91435211711e-006
3.01211599237e-008	3.97276759259e-005
3.02526933731e-008	5.49981452878e-005
3.03842268226e-008	3.37664459948e-005
3.0515760272e-008	-1.11379906684e-005
3.06472937215e-008	-5.2276596989e-005
3.07788271709e-008	-6.24157408993e-005
3.09103606204e-008	-3.05433516132e-005
3.10418940698e-008	3.01402899368e-005
3.11734275193e-008	8.72602981872e-005
3.13049609687e-008	0.000105611965182
3.14364944182e-008	6.6902544404e-005
3.15680278676e-008	-1.74504568236e-005
3.16995613171e-008	-0.000108474261424
3.18310947665e-008	-0.000157531417699
3.1962628216e-008	-0.000131511716518
3.20941616654e-008	-3.27316623157e-005
3.22256951149e-008	9.78211073743e-005
3.23572285643e-008	0.000197470634703
3.24887620137e-008	0.000211985718124
3.26202954632e-008	0.00012437789178
3.27518289126e-008	-3.27152867499e-005
3.28833623621e-008	-0.000188776929008
3.30148958115e-008	-0.000267294305104
3.3146429261e-008	-0.000223376307076
3.32779627104e-008	-6.84760041167e-005
3.34094961599e-008	0.000131027268026
3.35410296093e-008	0.000282497157968
3.36725630588e-008	0.000310498265208
3.38040965082e-008	0.000194411193661
3.39356299577e-008	-1.84396357099e-005
3.40671634071e-008	-0.000232006480474
3.41986968566e-008	-0.000345381723491
3.4330230306e-008	-0.000300968773445
3.44617637555e-008	-0.000113771480528
3.45932972049e-008	0.000133087708264
3.47248306544e-008	0.000325697486005
3.48563641038e-008	0.000372535935639
3.49878975533e-008	0.00024837248111
3.51194310027e-008	7.71225211338e-006
3.52509644522e-008	-0.000239299493387
3.53824979016e-008	-0.000377830780963
3.55140313511e-008	-0.000342306583661
3.56455648005e-008	-0.000147789887706
3.577709825e-008	0.00011638044657
3.59086316994e-008	0.000328035131133
3.60401651489e-008	0.000389209629247
3.61716985983e-008	0.000271935903129
3.63032320477e-008	3.11848538104e-005
3.64347654972e-008	-0.000221056141982
3.65662989466e-008	-0.000368318786059
3.66978323961e-008	-0.000343875882209
3.68293658455e-008	-0.000161254270097
3.6960899295e-008	9.30568849071e-005
3.70924327444e-008	0.0003008148351
3.72239661939e-008	0.000367385530808
3.73554996433e-008	0.000265131673132
3.74870330928e-008	4.48433675047e-005
3.76185665422e-008	-0.000189484544535
3.77500999917e-008	-0.00032996371192
3.78816334411e-008	-0.000314752210215
3.80131668906e-008	-0.00015535805187
3.814470034e-008	7.07505266746e-005
3.82762337895e-008	0.000257853157564
3.84077672389e-008	0.0003215791412
3.85393006884e-008	0.000237057798131
3.86708341378e-008	4.83358634256e-005
3.88023675873e-008	-0.000154351108904
3.89339010367e-008	-0.00027777948435
3.90654344862e-008	-0.000268692360805
3.91969679356e-008	-0.000136696101208
3.93285013851e-008	5.27122687117e-005
3.94600348345e-008	0.000210535440146
3.9591568284e-008	0.00026612318743
3.97231017334e-008	0.000198757846647
3.98546351829e-008	4.48975702056e-005
3.99861686323e-008	-0.000121168134683
4.01177020818e-008	-0.000223128618472
4.02492355312e-008	-0.000217682013044
4.03807689806e-008	-0.00011273415862
4.05123024301e-008	3.8804785504e-005
4.06438358795e-008	0.000165513837601
4.0775369329e-008	0.000211061464142
4.09069027784e-008	0.00015912377421
4.10384362279e-008	3.86785029605e-005
4.11699696773e-008	-9.17281945476e-005
4.13015031268e-008	-0.000172319599642
4.14330365762e-008	-0.000169403351265
4.15645700257e-008	-8.9199618742e-005
4.16961034751e-008	2.73590188158e-005
4.18276369246e-008	0.000125314216803
4.1959170374e-008	0.000161514989486
4.20907038235e-008	0.000123448217209
4.22222372729e-008	3.29834178956e-005
4.23537707224e-008	-6.57389251728e-005
4.24853041718e-008	-0.000127721669969
4.26168376213e-008	-0.000127507782963
4.27483710707e-008	-6.93558171179e-005
4.28799045202e-008	1.67184624615e-005
4.30114379696e-008	9.02450005924e-005
4.31429714191e-008	0.000119231162444
4.32745048685e-008	9.39034348448e-005
4.3406038318e-008	2.94527902156e-005
4.35375717674e-008	-4.26092476573e-005
4.36691052169e-008	-8.9746419917e-005
4.38006386663e-008	-9.29594550598e-005
4.39321721158e-008	-5.41758098507e-005
4.40637055652e-008	6.26199849307e-006
4.41952390147e-008	6.00922992362e-005
4.43267724641e-008	8.42487286263e-005
4.44583059135e-008	7.05687150457e-005
4.4589839363e-008	2.81085130496e-005
4.47213728124e-008	-2.23094913849e-005
4.48529062619e-008	-5.81976951253e-005
4.49844397113e-008	-6.5315488996e-005
4.51159731608e-008	-4.30767363468e-005
4.52475066102e-008	-3.55499610549e-006
4.53790400597e-008	3.48836684907e-005
4.55105735091e-008	5.60236929914e-005
4.56421069586e-008	5.24885103914e-005
4.5773640408e-008	2.79879598111e-005
4.59051738575e-008	-5.32911622031e-006
4.60367073069e-008	-3.28038975113e-005
4.61682407564e-008	-4.36017193124e-005
4.62997742058e-008	-3.47980181914e-005
4.64313076553e-008	-1.17742209795e-005
4.65628411047e-008	1.4820510728e-005
4.66943745542e-008	3.3910299635e-005
4.68259080036e-008	3.84794678894e-005
4.69574414531e-008	2.79525890505e-005
4.70889749025e-008	7.78359532205e-006
4.7220508352e-008	-1.32661793373e-005
4.73520418014e-008	-2.68382009949e-005
4.74835752509e-008	-2.81660084624e-005
4.76151087003e-008	-1.75888167178e-005
4.77466421498e-008	-1.61765356665e-008
4.78781755992e-008	1.72787882207e-005
4.80097090487e-008	2.75749754337e-005
4.81412424981e-008	2.72108938475e-005
4.82727759476e-008	1.68050609659e-005
4.8404309397e-008	8.28976681078e-007
4.85358428464e-008	-1.42394283671e-005
4.86673762959e-008	-2.24629898185e-005
4.87989097453e-008	-2.07250806739e-005
4.89304431948e-008	-9.91213853752e-006
4.90619766442e-008	5.4778485179e-006
4.91935100937e-008	1.91362675537e-005
4.93250435431e-008	2.54888922768e-005
4.94565769926e-008	2.19637758505e-005
4.9588110442e-008	1.00681408526e-005
4.97196438915e-008	-5.20532694281e-006
4.98511773409e-008	-1.74258435663e-005
4.99827107904e-008	-2.14260596181e-005
5.01142442398e-008	-1.5507417686e-005
5.02457776893e-008	-2.20741973678e-006
5.03773111387e-008	1.2748962547e-005
5.05088445882e-008	2.29022637654e-005
5.06403780376e-008	2.38607436813e-005
5.07719114871e-008	1.52304108383e-005
