% time-domain current integration by openEMS v0.0.35 @Thu May 23 14:02:40 2019
% start-coordinates: (-0.0243,-0.116,-0.0223) m -> [55,27,19]
% stop-coordinates: (-0.01885,-0.11546,-0.0223) m -> [56,28,19]
% t/s	current
6.95208506598e-014	-0
1.31602970299e-010	-0
2.63136419747e-010	-0
3.94669869196e-010	-2.43897591856e-027
5.26203318644e-010	-2.04326067477e-020
6.57736768093e-010	-5.25844035826e-016
7.89270217541e-010	-3.30946397674e-013
9.20803666989e-010	-1.08696385226e-011
1.05233711644e-009	-2.69124635771e-011
1.18387056589e-009	-2.61453358963e-011
1.31540401533e-009	-3.53812075124e-012
1.44693746478e-009	3.03389154077e-011
1.57847091423e-009	5.3951197676e-011
1.71000436368e-009	4.85502783809e-011
1.84153781313e-009	1.91578732045e-011
1.97307126258e-009	-3.45957429371e-011
2.10460471202e-009	-1.01362730709e-010
2.23613816147e-009	-1.40259720505e-010
2.36767161092e-009	-1.25486496194e-010
2.49920506037e-009	-3.12292275373e-011
2.63073850982e-009	1.09801112647e-010
2.76227195927e-009	2.30012800473e-010
2.89380540871e-009	2.54986004533e-010
3.02533885816e-009	1.5137770204e-010
3.15687230761e-009	-6.7861875841e-011
3.28840575706e-009	-3.26879495693e-010
3.41993920651e-009	-4.92864693502e-010
3.55147265596e-009	-4.36988389918e-010
3.6830061054e-009	-1.25453841759e-010
3.81453955485e-009	3.53066686998e-010
3.9460730043e-009	7.75599695579e-010
4.07760645375e-009	8.9819396365e-010
4.2091399032e-009	5.68831981518e-010
4.34067335265e-009	-1.58699151043e-010
4.4722068021e-009	-1.00545527459e-009
4.60374025154e-009	-1.5435961398e-009
4.73527370099e-009	-1.40225231426e-009
4.86680715044e-009	-4.59143278952e-010
4.99834059989e-009	9.90284076963e-010
5.12987404934e-009	2.30013674773e-009
5.26140749879e-009	2.71692179865e-009
5.39294094823e-009	1.78614323332e-009
5.52447439768e-009	-3.38635119945e-010
5.65600784713e-009	-2.81820611292e-009
5.78754129658e-009	-4.41046976718e-009
5.91907474603e-009	-4.04507982665e-009
6.05060819548e-009	-1.44938105962e-009
6.18214164492e-009	2.53268117589e-009
6.31367509437e-009	6.11885830892e-009
6.44520854382e-009	7.32236848933e-009
6.57674199327e-009	4.96270624595e-009
6.70827544272e-009	-5.23391829876e-010
6.83980889217e-009	-6.94942681179e-009
6.97134234161e-009	-1.11606999198e-008
7.10287579106e-009	-1.04813349111e-008
7.23440924051e-009	-4.23099821845e-009
7.36594268996e-009	5.50497736285e-009
7.49747613941e-009	1.43950433795e-008
7.62900958886e-009	1.7682580733e-008
7.7605430383e-009	1.25646621996e-008
7.89207648775e-009	4.01248201332e-011
8.0236099372e-009	-1.4891912592e-008
8.15514338665e-009	-2.50595224571e-008
8.2866768361e-009	-2.441608693e-008
8.41821028555e-009	-1.13339195806e-008
8.54974373499e-009	9.78028236176e-009
8.68127718444e-009	2.967818169e-008
8.81281063389e-009	3.81406586314e-008
8.94434408334e-009	2.89902857276e-008
9.07587753279e-009	3.89071219686e-009
9.20741098224e-009	-2.72292517423e-008
9.33894443168e-009	-4.98421250938e-008
9.47047788113e-009	-5.1389964284e-008
9.60201133058e-009	-2.78625886807e-008
9.73354478003e-009	1.29173303165e-008
9.86507822948e-009	5.34320996337e-008
9.99661167893e-009	7.37522185545e-008
1.01281451284e-008	6.10334396356e-008
1.02596785778e-008	1.68402429779e-008
1.03912120273e-008	-4.16441245932e-008
1.05227454767e-008	-8.79244552721e-008
1.06542789262e-008	-9.7928172238e-008
1.07858123756e-008	-6.20610478563e-008
1.09173458251e-008	8.2723863315e-009
1.10488792745e-008	8.35470146399e-008
1.1180412724e-008	1.28188943904e-007
1.13119461734e-008	1.17029337332e-007
1.14434796229e-008	4.87090154877e-008
1.15750130723e-008	-5.08693744905e-008
1.17065465218e-008	-1.37817707468e-007
1.18380799712e-008	-1.6927060642e-007
1.19696134207e-008	-1.24040596461e-007
1.21011468701e-008	-1.51545780369e-008
1.22326803195e-008	1.12638453231e-007
1.2364213769e-008	2.0082222818e-007
1.24957472184e-008	2.03530220233e-007
1.26272806679e-008	1.10706068313e-007
1.27588141173e-008	-4.34612950073e-008
1.28903475668e-008	-1.92323398096e-007
1.30218810162e-008	-2.65210729822e-007
1.31534144657e-008	-2.20574662535e-007
1.32849479151e-008	-6.84662921913e-008
1.34164813646e-008	1.29377042413e-007
1.3548014814e-008	2.84038492282e-007
1.36795482635e-008	3.19094112911e-007
1.38110817129e-008	2.079137289e-007
1.39426151624e-008	-9.43161548861e-009
1.40741486118e-008	-2.39519067691e-007
1.42056820613e-008	-3.75416618681e-007
1.43372155107e-008	-3.46227949422e-007
1.44687489602e-008	-1.53472214492e-007
1.46002824096e-008	1.24157907067e-007
1.47318158591e-008	3.62402658993e-007
1.48633493085e-008	4.47049501417e-007
1.4994882758e-008	3.28709802488e-007
1.51264162074e-008	5.04678574487e-008
1.52579496569e-008	-2.66683713335e-007
1.53894831063e-008	-4.7646850021e-007
1.55210165558e-008	-4.75153285606e-007
1.56525500052e-008	-2.53022449215e-007
1.57840834547e-008	9.61869659477e-008
1.59156169041e-008	4.14682375549e-007
1.60471503536e-008	5.52461813186e-007
1.6178683803e-008	4.3871338562e-007
1.63102172524e-008	1.18393209902e-007
1.64417507019e-008	-2.65004246103e-007
1.65732841513e-008	-5.34301136668e-007
1.67048176008e-008	-5.61579554414e-007
1.68363510502e-008	-3.29940917254e-007
1.69678844997e-008	5.62542084026e-008
1.70994179491e-008	4.18814352088e-007
1.72309513986e-008	5.89128944739e-007
1.7362484848e-008	4.88026842049e-007
1.74940182975e-008	1.63537023923e-007
1.76255517469e-008	-2.31919088378e-007
1.77570851964e-008	-5.14191413004e-007
1.78886186458e-008	-5.54786936391e-007
1.80201520953e-008	-3.40804319876e-007
1.81516855447e-008	2.13165911589e-008
1.82832189942e-008	3.59174606501e-007
1.84147524436e-008	5.1802174994e-007
1.85462858931e-008	4.33359133467e-007
1.86778193425e-008	1.57622338293e-007
1.8809352792e-008	-1.70430936919e-007
1.89408862414e-008	-3.96383200041e-007
1.90724196909e-008	-4.24561790169e-007
1.92039531403e-008	-2.59501604205e-007
1.93354865898e-008	4.02634992014e-009
1.94670200392e-008	2.34241596786e-007
1.95985534887e-008	3.29382174868e-007
1.97300869381e-008	2.63930019173e-007
1.98616203876e-008	9.24060259422e-008
1.9993153837e-008	-8.75347723195e-008
2.01246872865e-008	-1.89869837186e-007
2.02562207359e-008	-1.82441141305e-007
2.03877541853e-008	-9.53803294124e-008
2.05192876348e-008	5.3942672551e-009
2.06508210842e-008	6.13201649458e-008
2.07823545337e-008	5.46286109682e-008
2.09138879831e-008	1.32040183232e-008
2.10454214326e-008	-1.3989371439e-008
2.1176954882e-008	6.05218897221e-009
2.13084883315e-008	6.51362270787e-008
2.14400217809e-008	1.17062654681e-007
2.15715552304e-008	1.08155276735e-007
2.17030886798e-008	1.64270250735e-008
2.18346221293e-008	-1.25759299863e-007
2.19661555787e-008	-2.42188377797e-007
2.20976890282e-008	-2.53595715094e-007
2.22292224776e-008	-1.26949217361e-007
2.23607559271e-008	9.59401376122e-008
2.24922893765e-008	3.10273776449e-007
2.2623822826e-008	3.98497661536e-007
2.27553562754e-008	2.94404117085e-007
2.28868897249e-008	2.62681716379e-008
2.30184231743e-008	-2.87178124836e-007
2.31499566238e-008	-4.90280967824e-007
2.32814900732e-008	-4.68887606075e-007
2.34130235227e-008	-2.13643616576e-007
2.35445569721e-008	1.66591235029e-007
2.36760904216e-008	4.91775722367e-007
2.3807623871e-008	5.97496466526e-007
2.39391573205e-008	4.1899096459e-007
2.40706907699e-008	2.90498771705e-008
2.42022242194e-008	-3.91715872183e-007
2.43337576688e-008	-6.40046835088e-007
2.44652911182e-008	-5.89740920987e-007
2.45968245677e-008	-2.56298505974e-007
2.47283580171e-008	2.06795576219e-007
2.48598914666e-008	5.79923153055e-007
2.4991424916e-008	6.83102996391e-007
2.51229583655e-008	4.63981535859e-007
2.52544918149e-008	2.45139393229e-008
2.53860252644e-008	-4.27260005154e-007
2.55175587138e-008	-6.77096181789e-007
2.56490921633e-008	-6.07521997154e-007
2.57806256127e-008	-2.53739358413e-007
2.59121590622e-008	2.14373642393e-007
2.60436925116e-008	5.74835667067e-007
2.61752259611e-008	6.60089824578e-007
2.63067594105e-008	4.3579262865e-007
2.643829286e-008	1.44027385574e-008
2.65698263094e-008	-4.01562203933e-007
2.67013597589e-008	-6.17828561644e-007
2.68328932083e-008	-5.4001867511e-007
2.69644266578e-008	-2.15002742721e-007
2.70959601072e-008	1.96148633336e-007
2.72274935567e-008	4.9844629757e-007
2.73590270061e-008	5.56218594738e-007
2.74905604556e-008	3.54382081014e-007
2.7622093905e-008	-7.1148587022e-011
2.77536273545e-008	-3.34393746471e-007
2.78851608039e-008	-4.94686105412e-007
2.80166942534e-008	-4.17171577283e-007
2.81482277028e-008	-1.52916129537e-007
2.82797611522e-008	1.63156016697e-007
2.84112946017e-008	3.80989803261e-007
2.85428280511e-008	4.06927114227e-007
2.86743615006e-008	2.43778401909e-007
2.880589495e-008	-1.75610246345e-008
2.89374283995e-008	-2.47620249638e-007
2.90689618489e-008	-3.42440046097e-007
2.92004952984e-008	-2.70497423571e-007
2.93320287478e-008	-8.13586211734e-008
2.94635621973e-008	1.25079324675e-007
2.95950956467e-008	2.50694824899e-007
2.97266290962e-008	2.45670150889e-007
2.98581625456e-008	1.27412150164e-007
2.99896959951e-008	-3.48265345451e-008
3.01212294445e-008	-1.58880226309e-007
3.0252762894e-008	-1.90858685301e-007
3.03842963434e-008	-1.28100737129e-007
3.05158297929e-008	-1.43519720552e-008
3.06473632423e-008	8.75212222695e-008
3.07788966918e-008	1.29285012918e-007
3.09104301412e-008	9.97836053784e-008
3.10419635907e-008	2.57893280065e-008
3.11734970401e-008	-4.68443950297e-008
3.13050304896e-008	-7.98253481094e-008
3.1436563939e-008	-6.19604278995e-008
3.15680973885e-008	-1.18648193492e-008
3.16996308379e-008	3.59727891919e-008
3.18311642874e-008	5.25692129827e-008
3.19626977368e-008	3.07946237399e-008
3.20942311863e-008	-1.21342607073e-008
3.22257646357e-008	-4.65516976078e-008
3.23572980851e-008	-4.89818994254e-008
3.24888315346e-008	-1.64221525267e-008
3.2620364984e-008	3.18527355603e-008
3.27518984335e-008	6.58073560089e-008
3.28834318829e-008	6.26110505664e-008
3.30149653324e-008	2.0603767581e-008
3.31464987818e-008	-3.87901408772e-008
3.32780322313e-008	-8.2480880792e-008
3.34095656807e-008	-8.41712903821e-008
3.35410991302e-008	-3.9604675095e-008
3.36726325796e-008	2.99783522451e-008
3.38041660291e-008	8.84243576138e-008
3.39356994785e-008	1.03759738579e-007
3.4067232928e-008	6.56439738123e-008
3.41987663774e-008	-8.33027957725e-009
3.43302998269e-008	-8.10625593317e-008
3.44618332763e-008	-1.14900778669e-007
3.45933667258e-008	-9.13083439968e-008
3.47249001752e-008	-2.09072972268e-008
3.48564336247e-008	6.14851245473e-008
3.49879670741e-008	1.14347685098e-007
3.51195005236e-008	1.10594974956e-007
3.5251033973e-008	5.15117548616e-008
3.53825674225e-008	-3.37010206408e-008
3.55141008719e-008	-1.02543715741e-007
3.56456343214e-008	-1.20599381148e-007
3.57771677708e-008	-7.88251952599e-008
3.59087012203e-008	1.94156224431e-009
3.60402346697e-008	8.15038418978e-008
3.61717681192e-008	1.20424573424e-007
3.63033015686e-008	9.96687816723e-008
3.6434835018e-008	2.98975066926e-008
3.65663684675e-008	-5.4075147915e-008
3.66979019169e-008	-1.10744657889e-007
3.68294353664e-008	-1.12491825632e-007
3.69609688158e-008	-5.90321036498e-008
3.70925022653e-008	2.27837517741e-008
3.72240357147e-008	9.25582241962e-008
3.73555691642e-008	1.16334959444e-007
3.74871026136e-008	8.31185502648e-008
3.76186360631e-008	9.88101600541e-009
3.77501695125e-008	-6.71983997336e-008
3.7881702962e-008	-1.10665389741e-007
3.80132364114e-008	-1.00013537008e-007
3.81447698609e-008	-4.1288881647e-008
3.82763033103e-008	3.63686645244e-008
3.84078367598e-008	9.52745011773e-008
3.85393702092e-008	1.07541509919e-007
3.86709036587e-008	6.82519853967e-008
3.88024371081e-008	-2.74638534137e-009
3.89339705576e-008	-7.09559984102e-008
3.9065504007e-008	-1.040778983e-007
3.91970374565e-008	-8.73224053066e-008
3.93285709059e-008	-2.99205211718e-008
3.94601043554e-008	3.99884143576e-008
3.95916378048e-008	8.92412259645e-008
3.97231712543e-008	9.54496428562e-008
3.98547047037e-008	5.71373739433e-008
3.99862381532e-008	-6.34605923366e-009
4.01177716026e-008	-6.46591402642e-008
4.02493050521e-008	-9.1070489816e-008
4.03808385015e-008	-7.47104280663e-008
4.05123719509e-008	-2.49098661698e-008
4.06439054004e-008	3.40548140798e-008
4.07754388498e-008	7.4868673039e-008
4.09069722993e-008	7.98868384777e-008
4.10385057487e-008	4.86864024651e-008
4.11700391982e-008	-2.69973354783e-009
4.13015726476e-008	-5.0031285781e-008
4.14331060971e-008	-7.23632140875e-008
4.15646395465e-008	-6.12771486885e-008
4.1696172996e-008	-2.38515447393e-008
4.18277064454e-008	2.15951629912e-008
4.19592398949e-008	5.44966667348e-008
4.20907733443e-008	6.13470660937e-008
4.22223067938e-008	4.11230729469e-008
4.23538402432e-008	4.72593342238e-009
4.24853736927e-008	-3.08281578043e-008
4.26169071421e-008	-5.03560819709e-008
4.27484405916e-008	-4.69254359814e-008
4.2879974041e-008	-2.40619559833e-008
4.30115074905e-008	6.81611567188e-009
4.31430409399e-008	3.20506785556e-008
4.32745743894e-008	4.17474232961e-008
4.34061078388e-008	3.34975460703e-008
4.35376412883e-008	1.25041710319e-008
4.36691747377e-008	-1.14412701535e-008
4.38007081872e-008	-2.84949752682e-008
4.39322416366e-008	-3.26881881563e-008
4.40637750861e-008	-2.37822188609e-008
4.41953085355e-008	-6.60152776888e-009
4.4326841985e-008	1.14760068115e-008
4.44583754344e-008	2.36107293716e-008
4.45899088838e-008	2.59161403449e-008
4.47214423333e-008	1.84600779107e-008
4.48529757827e-008	4.76206851729e-009
4.49845092322e-008	-9.81756809182e-009
4.51160426816e-008	-2.00362979541e-008
4.52475761311e-008	-2.24833556217e-008
4.53791095805e-008	-1.6584094098e-008
4.551064303e-008	-4.66289407086e-009
4.56421764794e-008	8.87323015064e-009
4.57737099289e-008	1.9018186137e-008
4.59052433783e-008	2.1916852333e-008
4.60367768278e-008	1.63020992261e-008
4.61683102772e-008	4.1248111593e-009
4.62998437267e-008	-1.00048405116e-008
4.64313771761e-008	-2.04493133538e-008
4.65629106256e-008	-2.27773142569e-008
4.6694444075e-008	-1.56795252337e-008
4.68259775245e-008	-1.74633441041e-009
4.69575109739e-008	1.33730351237e-008
4.70890444234e-008	2.32285497503e-008
4.72205778728e-008	2.33417640771e-008
4.73521113223e-008	1.32972424183e-008
4.74836447717e-008	-2.84871926048e-009
4.76151782212e-008	-1.81646804265e-008
4.77467116706e-008	-2.58250327789e-008
4.78782451201e-008	-2.21925677835e-008
4.80097785695e-008	-8.59326387825e-009
4.8141312019e-008	9.1057517082e-009
4.82728454684e-008	2.30278143221e-008
4.84043789179e-008	2.68117457125e-008
4.85359123673e-008	1.85733686209e-008
4.86674458167e-008	1.8590224915e-009
4.87989792662e-008	-1.58589372745e-008
4.89305127156e-008	-2.65442530178e-008
4.90620461651e-008	-2.52739980056e-008
4.91935796145e-008	-1.25395889228e-008
4.9325113064e-008	5.91838711372e-009
4.94566465134e-008	2.17123474755e-008
4.95881799629e-008	2.76383484987e-008
4.97197134123e-008	2.09968007425e-008
4.98512468618e-008	4.84031881243e-009
4.99827803112e-008	-1.34358355552e-008
5.01143137607e-008	-2.54875249794e-008
5.02458472101e-008	-2.58672478992e-008
5.03773806596e-008	-1.45006726626e-008
5.0508914109e-008	3.32211325116e-009
5.06404475585e-008	1.94172269374e-008
5.07719810079e-008	2.6485672322e-008
