"E-Field:0","E-Field:1","E-Field:2","vtkValidPointMask","arc_length","Points:0","Points:1","Points:2"
5.234e-10,5.4171e-10,1.1104e-10,1,0,0.1854,-0.1854,0.01
5.199e-10,5.069e-10,1.0991e-10,1,0.0003708,0.1854,-0.18503,0.01
5.1641e-10,4.721e-10,1.0878e-10,1,0.0007416,0.1854,-0.18466,0.01
5.1291e-10,4.373e-10,1.0765e-10,1,0.0011124,0.1854,-0.18429,0.01
5.0941e-10,4.0249e-10,1.0652e-10,1,0.0014832,0.1854,-0.18392,0.01
5.0592e-10,3.6769e-10,1.0539e-10,1,0.001854,0.1854,-0.18355,0.01
5.0242e-10,3.3289e-10,1.0425e-10,1,0.0022248,0.1854,-0.18318,0.01
4.9892e-10,2.9808e-10,1.0312e-10,1,0.0025956,0.1854,-0.1828,0.01
4.9543e-10,2.6328e-10,1.0199e-10,1,0.0029664,0.1854,-0.18243,0.01
4.9193e-10,2.2848e-10,1.0086e-10,1,0.0033372,0.1854,-0.18206,0.01
4.8844e-10,1.9367e-10,9.9734e-11,1,0.003708,0.1854,-0.18169,0.01
4.8494e-10,1.5887e-10,9.8604e-11,1,0.0040788,0.1854,-0.18132,0.01
4.8144e-10,1.2407e-10,9.7474e-11,1,0.0044496,0.1854,-0.18095,0.01
4.7795e-10,8.9264e-11,9.6343e-11,1,0.0048204,0.1854,-0.18058,0.01
4.7445e-10,5.446e-11,9.5213e-11,1,0.0051912,0.1854,-0.18021,0.01
4.7095e-10,1.9657e-11,9.4083e-11,1,0.005562,0.1854,-0.17984,0.01
4.6812e-10,0,9.3155e-11,1,0.0059328,0.1854,-0.17947,0.01
4.6613e-10,0,9.2489e-11,1,0.0063036,0.1854,-0.1791,0.01
4.6415e-10,0,9.1823e-11,1,0.0066744,0.1854,-0.17873,0.01
4.6216e-10,0,9.1157e-11,1,0.0070452,0.1854,-0.17835,0.01
4.6018e-10,0,9.0491e-11,1,0.007416,0.1854,-0.17798,0.01
4.582e-10,0,8.9825e-11,1,0.0077868,0.1854,-0.17761,0.01
4.5621e-10,0,8.9159e-11,1,0.0081576,0.1854,-0.17724,0.01
4.5423e-10,0,8.8493e-11,1,0.0085284,0.1854,-0.17687,0.01
4.5224e-10,0,8.7827e-11,1,0.0088992,0.1854,-0.1765,0.01
4.5026e-10,0,8.7161e-11,1,0.00927,0.1854,-0.17613,0.01
4.4828e-10,0,8.6496e-11,1,0.0096408,0.1854,-0.17576,0.01
4.4629e-10,0,8.583e-11,1,0.010012,0.1854,-0.17539,0.01
4.4431e-10,0,8.5164e-11,1,0.010382,0.1854,-0.17502,0.01
4.4233e-10,0,8.4498e-11,1,0.010753,0.1854,-0.17465,0.01
4.4034e-10,0,8.3832e-11,1,0.011124,0.1854,-0.17428,0.01
4.3836e-10,0,8.3166e-11,1,0.011495,0.1854,-0.17391,0.01
4.3675e-10,0,8.2697e-11,1,0.011866,0.1854,-0.17353,0.01
4.352e-10,0,8.2257e-11,1,0.012236,0.1854,-0.17316,0.01
4.3364e-10,0,8.1817e-11,1,0.012607,0.1854,-0.17279,0.01
4.3209e-10,0,8.1378e-11,1,0.012978,0.1854,-0.17242,0.01
4.3054e-10,0,8.0938e-11,1,0.013349,0.1854,-0.17205,0.01
4.2899e-10,0,8.0498e-11,1,0.01372,0.1854,-0.17168,0.01
4.2743e-10,0,8.0059e-11,1,0.01409,0.1854,-0.17131,0.01
4.2588e-10,0,7.9619e-11,1,0.014461,0.1854,-0.17094,0.01
4.2433e-10,0,7.9179e-11,1,0.014832,0.1854,-0.17057,0.01
4.2278e-10,0,7.8739e-11,1,0.015203,0.1854,-0.1702,0.01
4.2122e-10,0,7.83e-11,1,0.015574,0.1854,-0.16983,0.01
4.1967e-10,0,7.786e-11,1,0.015944,0.1854,-0.16946,0.01
4.1812e-10,0,7.742e-11,1,0.016315,0.1854,-0.16908,0.01
4.1657e-10,0,7.698e-11,1,0.016686,0.1854,-0.16871,0.01
4.1501e-10,0,7.6541e-11,1,0.017057,0.1854,-0.16834,0.01
4.1349e-10,0,7.6131e-11,1,0.017428,0.1854,-0.16797,0.01
4.1205e-10,0,7.5791e-11,1,0.017798,0.1854,-0.1676,0.01
4.1061e-10,0,7.545e-11,1,0.018169,0.1854,-0.16723,0.01
4.0917e-10,0,7.5109e-11,1,0.01854,0.1854,-0.16686,0.01
4.0773e-10,0,7.4769e-11,1,0.018911,0.1854,-0.16649,0.01
4.0629e-10,0,7.4428e-11,1,0.019282,0.1854,-0.16612,0.01
4.0485e-10,0,7.4087e-11,1,0.019652,0.1854,-0.16575,0.01
4.0341e-10,0,7.3747e-11,1,0.020023,0.1854,-0.16538,0.01
4.0197e-10,0,7.3406e-11,1,0.020394,0.1854,-0.16501,0.01
4.0053e-10,0,7.3065e-11,1,0.020765,0.1854,-0.16464,0.01
3.9909e-10,0,7.2725e-11,1,0.021136,0.1854,-0.16426,0.01
3.9765e-10,0,7.2384e-11,1,0.021506,0.1854,-0.16389,0.01
3.9621e-10,0,7.2043e-11,1,0.021877,0.1854,-0.16352,0.01
3.9477e-10,0,7.1703e-11,1,0.022248,0.1854,-0.16315,0.01
3.9333e-10,0,7.1362e-11,1,0.022619,0.1854,-0.16278,0.01
3.9189e-10,0,7.1021e-11,1,0.02299,0.1854,-0.16241,0.01
3.9047e-10,0,7.0721e-11,1,0.02336,0.1854,-0.16204,0.01
3.8905e-10,0,7.0435e-11,1,0.023731,0.1854,-0.16167,0.01
3.8763e-10,0,7.015e-11,1,0.024102,0.1854,-0.1613,0.01
3.8621e-10,0,6.9864e-11,1,0.024473,0.1854,-0.16093,0.01
3.8479e-10,0,6.9578e-11,1,0.024844,0.1854,-0.16056,0.01
3.8337e-10,0,6.9292e-11,1,0.025214,0.1854,-0.16019,0.01
3.8195e-10,0,6.9006e-11,1,0.025585,0.1854,-0.15981,0.01
3.8053e-10,0,6.872e-11,1,0.025956,0.1854,-0.15944,0.01
3.7912e-10,0,6.8434e-11,1,0.026327,0.1854,-0.15907,0.01
3.777e-10,0,6.8148e-11,1,0.026698,0.1854,-0.1587,0.01
3.7628e-10,0,6.7863e-11,1,0.027068,0.1854,-0.15833,0.01
3.7486e-10,0,6.7577e-11,1,0.027439,0.1854,-0.15796,0.01
3.7344e-10,0,6.7291e-11,1,0.02781,0.1854,-0.15759,0.01
3.7202e-10,0,6.7005e-11,1,0.028181,0.1854,-0.15722,0.01
3.706e-10,0,6.6719e-11,1,0.028552,0.1854,-0.15685,0.01
3.6918e-10,0,6.6441e-11,1,0.028922,0.1854,-0.15648,0.01
3.6778e-10,0,6.6199e-11,1,0.029293,0.1854,-0.15611,0.01
3.6637e-10,0,6.5956e-11,1,0.029664,0.1854,-0.15574,0.01
3.6497e-10,0,6.5714e-11,1,0.030035,0.1854,-0.15537,0.01
3.6357e-10,0,6.5472e-11,1,0.030406,0.1854,-0.15499,0.01
3.6216e-10,0,6.5229e-11,1,0.030776,0.1854,-0.15462,0.01
3.6076e-10,0,6.4987e-11,1,0.031147,0.1854,-0.15425,0.01
3.5935e-10,0,6.4744e-11,1,0.031518,0.1854,-0.15388,0.01
3.5795e-10,0,6.4502e-11,1,0.031889,0.1854,-0.15351,0.01
3.5654e-10,0,6.426e-11,1,0.03226,0.1854,-0.15314,0.01
3.5514e-10,0,6.4017e-11,1,0.03263,0.1854,-0.15277,0.01
3.5373e-10,0,6.3775e-11,1,0.033001,0.1854,-0.1524,0.01
3.5233e-10,0,6.3533e-11,1,0.033372,0.1854,-0.15203,0.01
3.5093e-10,0,6.329e-11,1,0.033743,0.1854,-0.15166,0.01
3.4952e-10,0,6.3048e-11,1,0.034114,0.1854,-0.15129,0.01
3.4812e-10,0,6.2806e-11,1,0.034484,0.1854,-0.15092,0.01
3.4674e-10,0,6.2593e-11,1,0.034855,0.1854,-0.15054,0.01
3.4539e-10,0,6.24e-11,1,0.035226,0.1854,-0.15017,0.01
3.4404e-10,0,6.2206e-11,1,0.035597,0.1854,-0.1498,0.01
3.4269e-10,0,6.2013e-11,1,0.035968,0.1854,-0.14943,0.01
3.4134e-10,0,6.1819e-11,1,0.036338,0.1854,-0.14906,0.01
3.3999e-10,0,6.1626e-11,1,0.036709,0.1854,-0.14869,0.01
3.3864e-10,0,6.1432e-11,1,0.03708,0.1854,-0.14832,0.01
3.3729e-10,0,6.1238e-11,1,0.037451,0.1854,-0.14795,0.01
3.3594e-10,0,6.1045e-11,1,0.037822,0.1854,-0.14758,0.01
3.3459e-10,0,6.0851e-11,1,0.038192,0.1854,-0.14721,0.01
3.3323e-10,0,6.0658e-11,1,0.038563,0.1854,-0.14684,0.01
3.3188e-10,0,6.0464e-11,1,0.038934,0.1854,-0.14647,0.01
3.3053e-10,0,6.0271e-11,1,0.039305,0.1854,-0.1461,0.01
3.2918e-10,0,6.0077e-11,1,0.039676,0.1854,-0.14572,0.01
3.2783e-10,0,5.9884e-11,1,0.040046,0.1854,-0.14535,0.01
3.2648e-10,0,5.9693e-11,1,0.040417,0.1854,-0.14498,0.01
3.2525e-10,0,5.9559e-11,1,0.040788,0.1854,-0.14461,0.01
3.2401e-10,0,5.9424e-11,1,0.041159,0.1854,-0.14424,0.01
3.2277e-10,0,5.929e-11,1,0.04153,0.1854,-0.14387,0.01
3.2154e-10,0,5.9156e-11,1,0.0419,0.1854,-0.1435,0.01
3.203e-10,0,5.9022e-11,1,0.042271,0.1854,-0.14313,0.01
3.1906e-10,0,5.8887e-11,1,0.042642,0.1854,-0.14276,0.01
3.1783e-10,0,5.8753e-11,1,0.043013,0.1854,-0.14239,0.01
3.1659e-10,0,5.8619e-11,1,0.043384,0.1854,-0.14202,0.01
3.1535e-10,0,5.8485e-11,1,0.043754,0.1854,-0.14165,0.01
3.1411e-10,0,5.8351e-11,1,0.044125,0.1854,-0.14127,0.01
3.1288e-10,0,5.8216e-11,1,0.044496,0.1854,-0.1409,0.01
3.1164e-10,0,5.8082e-11,1,0.044867,0.1854,-0.14053,0.01
3.104e-10,0,5.7948e-11,1,0.045238,0.1854,-0.14016,0.01
3.0917e-10,0,5.7814e-11,1,0.045608,0.1854,-0.13979,0.01
3.081e-10,0,5.7746e-11,1,0.045979,0.1854,-0.13942,0.01
3.0705e-10,0,5.7684e-11,1,0.04635,0.1854,-0.13905,0.01
3.06e-10,0,5.7622e-11,1,0.046721,0.1854,-0.13868,0.01
3.0495e-10,0,5.7559e-11,1,0.047092,0.1854,-0.13831,0.01
3.039e-10,0,5.7497e-11,1,0.047462,0.1854,-0.13794,0.01
3.0285e-10,0,5.7435e-11,1,0.047833,0.1854,-0.13757,0.01
3.018e-10,0,5.7373e-11,1,0.048204,0.1854,-0.1372,0.01
3.0075e-10,0,5.7311e-11,1,0.048575,0.1854,-0.13683,0.01
2.997e-10,0,5.7249e-11,1,0.048946,0.1854,-0.13645,0.01
2.9865e-10,0,5.7187e-11,1,0.049316,0.1854,-0.13608,0.01
2.976e-10,0,5.7125e-11,1,0.049687,0.1854,-0.13571,0.01
2.9655e-10,0,5.7063e-11,1,0.050058,0.1854,-0.13534,0.01
2.955e-10,0,5.7001e-11,1,0.050429,0.1854,-0.13497,0.01
2.9445e-10,0,5.6939e-11,1,0.0508,0.1854,-0.1346,0.01
2.9361e-10,0,5.6945e-11,1,0.05117,0.1854,-0.13423,0.01
2.9284e-10,0,5.697e-11,1,0.051541,0.1854,-0.13386,0.01
2.9206e-10,0,5.6995e-11,1,0.051912,0.1854,-0.13349,0.01
2.9128e-10,0,5.702e-11,1,0.052283,0.1854,-0.13312,0.01
2.9051e-10,0,5.7045e-11,1,0.052654,0.1854,-0.13275,0.01
2.8973e-10,0,5.7069e-11,1,0.053024,0.1854,-0.13238,0.01
2.8896e-10,0,5.7094e-11,1,0.053395,0.1854,-0.132,0.01
2.8818e-10,0,5.7119e-11,1,0.053766,0.1854,-0.13163,0.01
2.8741e-10,0,5.7144e-11,1,0.054137,0.1854,-0.13126,0.01
2.8663e-10,0,5.7169e-11,1,0.054508,0.1854,-0.13089,0.01
2.8585e-10,0,5.7194e-11,1,0.054878,0.1854,-0.13052,0.01
2.8508e-10,0,5.7219e-11,1,0.055249,0.1854,-0.13015,0.01
2.843e-10,0,5.7244e-11,1,0.05562,0.1854,-0.12978,0.01
2.8353e-10,0,5.7268e-11,1,0.055991,0.1854,-0.12941,0.01
2.8299e-10,0,5.7358e-11,1,0.056362,0.1854,-0.12904,0.01
2.8258e-10,0,5.7481e-11,1,0.056732,0.1854,-0.12867,0.01
2.8217e-10,0,5.7604e-11,1,0.057103,0.1854,-0.1283,0.01
2.8176e-10,0,5.7727e-11,1,0.057474,0.1854,-0.12793,0.01
2.8135e-10,0,5.785e-11,1,0.057845,0.1854,-0.12756,0.01
2.8094e-10,0,5.7972e-11,1,0.058216,0.1854,-0.12718,0.01
2.8052e-10,0,5.8095e-11,1,0.058586,0.1854,-0.12681,0.01
2.8011e-10,0,5.8218e-11,1,0.058957,0.1854,-0.12644,0.01
2.797e-10,0,5.8341e-11,1,0.059328,0.1854,-0.12607,0.01
2.7929e-10,0,5.8464e-11,1,0.059699,0.1854,-0.1257,0.01
2.7888e-10,0,5.8587e-11,1,0.06007,0.1854,-0.12533,0.01
2.7847e-10,0,5.871e-11,1,0.06044,0.1854,-0.12496,0.01
2.7806e-10,0,5.8833e-11,1,0.060811,0.1854,-0.12459,0.01
2.7765e-10,0,5.8956e-11,1,0.061182,0.1854,-0.12422,0.01
2.7747e-10,0,5.9133e-11,1,0.061553,0.1854,-0.12385,0.01
2.775e-10,0,5.9359e-11,1,0.061924,0.1854,-0.12348,0.01
2.7752e-10,0,5.9585e-11,1,0.062294,0.1854,-0.12311,0.01
2.7755e-10,0,5.9811e-11,1,0.062665,0.1854,-0.12273,0.01
2.7758e-10,0,6.0037e-11,1,0.063036,0.1854,-0.12236,0.01
2.7761e-10,0,6.0263e-11,1,0.063407,0.1854,-0.12199,0.01
2.7764e-10,0,6.0489e-11,1,0.063778,0.1854,-0.12162,0.01
2.7767e-10,0,6.0715e-11,1,0.064148,0.1854,-0.12125,0.01
2.7769e-10,0,6.0941e-11,1,0.064519,0.1854,-0.12088,0.01
2.7772e-10,0,6.1167e-11,1,0.06489,0.1854,-0.12051,0.01
2.7775e-10,0,6.1393e-11,1,0.065261,0.1854,-0.12014,0.01
2.7778e-10,0,6.1619e-11,1,0.065632,0.1854,-0.11977,0.01
2.7781e-10,0,6.1845e-11,1,0.066002,0.1854,-0.1194,0.01
2.7783e-10,0,6.2071e-11,1,0.066373,0.1854,-0.11903,0.01
2.7801e-10,0,6.2328e-11,1,0.066744,0.1854,-0.11866,0.01
2.784e-10,0,6.2633e-11,1,0.067115,0.1854,-0.11829,0.01
2.788e-10,0,6.2938e-11,1,0.067486,0.1854,-0.11791,0.01
2.7919e-10,0,6.3242e-11,1,0.067856,0.1854,-0.11754,0.01
2.7959e-10,0,6.3547e-11,1,0.068227,0.1854,-0.11717,0.01
2.7998e-10,0,6.3851e-11,1,0.068598,0.1854,-0.1168,0.01
2.8037e-10,0,6.4156e-11,1,0.068969,0.1854,-0.11643,0.01
2.8077e-10,0,6.4461e-11,1,0.06934,0.1854,-0.11606,0.01
2.813e-10,0,6.4794e-11,1,0.06971,0.1854,-0.11569,0.01
2.8193e-10,0,6.5146e-11,1,0.070081,0.1854,-0.11532,0.01
2.8267e-10,0,6.5521e-11,1,0.070452,0.1854,-0.11495,0.01
2.8342e-10,0,6.5896e-11,1,0.070823,0.1854,-0.11458,0.01
2.8416e-10,0,6.6271e-11,1,0.071194,0.1854,-0.11421,0.01
2.849e-10,0,6.6646e-11,1,0.071564,0.1854,-0.11384,0.01
2.8565e-10,0,6.7021e-11,1,0.071935,0.1854,-0.11346,0.01
2.8639e-10,0,6.7397e-11,1,0.072306,0.1854,-0.11309,0.01
2.8713e-10,0,6.7772e-11,1,0.072677,0.1854,-0.11272,0.01
2.8788e-10,0,6.8147e-11,1,0.073048,0.1854,-0.11235,0.01
2.8862e-10,0,6.8522e-11,1,0.073418,0.1854,-0.11198,0.01
2.8951e-10,0,6.8927e-11,1,0.073789,0.1854,-0.11161,0.01
2.9048e-10,0,6.9348e-11,1,0.07416,0.1854,-0.11124,0.01
2.9145e-10,0,6.9768e-11,1,0.074531,0.1854,-0.11087,0.01
2.9242e-10,0,7.0189e-11,1,0.074902,0.1854,-0.1105,0.01
2.9356e-10,0,7.0642e-11,1,0.075272,0.1854,-0.11013,0.01
2.9471e-10,0,7.1098e-11,1,0.075643,0.1854,-0.10976,0.01
2.9586e-10,0,7.1555e-11,1,0.076014,0.1854,-0.10939,0.01
2.9702e-10,0,7.2011e-11,1,0.076385,0.1854,-0.10902,0.01
2.9817e-10,0,7.2468e-11,1,0.076756,0.1854,-0.10864,0.01
2.9932e-10,0,7.2924e-11,1,0.077126,0.1854,-0.10827,0.01
3.0048e-10,0,7.3381e-11,1,0.077497,0.1854,-0.1079,0.01
3.0168e-10,0,7.3848e-11,1,0.077868,0.1854,-0.10753,0.01
3.0298e-10,0,7.4333e-11,1,0.078239,0.1854,-0.10716,0.01
3.044e-10,0,7.4843e-11,1,0.07861,0.1854,-0.10679,0.01
3.0582e-10,0,7.5355e-11,1,0.07898,0.1854,-0.10642,0.01
3.0725e-10,0,7.5866e-11,1,0.079351,0.1854,-0.10605,0.01
3.0867e-10,0,7.6378e-11,1,0.079722,0.1854,-0.10568,0.01
3.101e-10,0,7.6889e-11,1,0.080093,0.1854,-0.10531,0.01
3.1153e-10,0,7.7401e-11,1,0.080464,0.1854,-0.10494,0.01
3.1295e-10,0,7.7912e-11,1,0.080834,0.1854,-0.10457,0.01
3.1444e-10,0,7.8437e-11,1,0.081205,0.1854,-0.10419,0.01
3.1602e-10,0,7.898e-11,1,0.081576,0.1854,-0.10382,0.01
3.1759e-10,0,7.9523e-11,1,0.081947,0.1854,-0.10345,0.01
3.1919e-10,0,8.007e-11,1,0.082318,0.1854,-0.10308,0.01
3.2083e-10,0,8.0626e-11,1,0.082688,0.1854,-0.10271,0.01
3.2253e-10,0,8.1196e-11,1,0.083059,0.1854,-0.10234,0.01
3.2423e-10,0,8.1765e-11,1,0.08343,0.1854,-0.10197,0.01
3.2593e-10,0,8.2335e-11,1,0.083801,0.1854,-0.1016,0.01
3.2765e-10,0,8.291e-11,1,0.084172,0.1854,-0.10123,0.01
3.2943e-10,0,8.3496e-11,1,0.084542,0.1854,-0.10086,0.01
3.3121e-10,0,8.4083e-11,1,0.084913,0.1854,-0.10049,0.01
3.3305e-10,0,8.4685e-11,1,0.085284,0.1854,-0.10012,0.01
3.349e-10,0,8.5288e-11,1,0.085655,0.1854,-0.099745,0.01
3.3675e-10,0,8.5891e-11,1,0.086026,0.1854,-0.099374,0.01
3.3861e-10,0,8.6497e-11,1,0.086396,0.1854,-0.099004,0.01
3.4052e-10,0,8.7114e-11,1,0.086767,0.1854,-0.098633,0.01
3.4247e-10,0,8.7742e-11,1,0.087138,0.1854,-0.098262,0.01
3.4444e-10,0,8.8373e-11,1,0.087509,0.1854,-0.097891,0.01
3.464e-10,0,8.9004e-11,1,0.08788,0.1854,-0.09752,0.01
3.4837e-10,0,8.9635e-11,1,0.08825,0.1854,-0.09715,0.01
3.5039e-10,0,9.0282e-11,1,0.088621,0.1854,-0.096779,0.01
3.5242e-10,0,9.0928e-11,1,0.088992,0.1854,-0.096408,0.01
3.5449e-10,0,9.1586e-11,1,0.089363,0.1854,-0.096037,0.01
3.5658e-10,0,9.2249e-11,1,0.089734,0.1854,-0.095666,0.01
3.5867e-10,0,9.2911e-11,1,0.090104,0.1854,-0.095296,0.01
3.6075e-10,0,9.3573e-11,1,0.090475,0.1854,-0.094925,0.01
3.6296e-10,0,9.4269e-11,1,0.090846,0.1854,-0.094554,0.01
3.6517e-10,0,9.4966e-11,1,0.091217,0.1854,-0.094183,0.01
3.6738e-10,0,9.5662e-11,1,0.091588,0.1854,-0.093812,0.01
3.6959e-10,0,9.6359e-11,1,0.091958,0.1854,-0.093442,0.01
3.718e-10,0,9.7055e-11,1,0.092329,0.1854,-0.093071,0.01
3.7401e-10,0,9.7752e-11,1,0.0927,0.1854,-0.0927,0.01
3.7622e-10,0,9.8449e-11,1,0.093071,0.1854,-0.092329,0.01
3.7843e-10,0,9.9145e-11,1,0.093442,0.1854,-0.091958,0.01
3.8063e-10,0,9.9842e-11,1,0.093812,0.1854,-0.091588,0.01
3.8285e-10,0,1.0054e-10,1,0.094183,0.1854,-0.091217,0.01
3.8521e-10,0,1.0129e-10,1,0.094554,0.1854,-0.090846,0.01
3.8757e-10,0,1.0203e-10,1,0.094925,0.1854,-0.090475,0.01
3.8993e-10,0,1.0278e-10,1,0.095296,0.1854,-0.090104,0.01
3.9229e-10,0,1.0352e-10,1,0.095666,0.1854,-0.089734,0.01
3.9465e-10,0,1.0427e-10,1,0.096037,0.1854,-0.089363,0.01
3.9701e-10,0,1.0502e-10,1,0.096408,0.1854,-0.088992,0.01
3.9937e-10,0,1.0576e-10,1,0.096779,0.1854,-0.088621,0.01
4.0173e-10,0,1.0651e-10,1,0.09715,0.1854,-0.08825,0.01
4.0409e-10,0,1.0725e-10,1,0.09752,0.1854,-0.08788,0.01
4.0646e-10,0,1.08e-10,1,0.097891,0.1854,-0.087509,0.01
4.0891e-10,0,1.0879e-10,1,0.098262,0.1854,-0.087138,0.01
4.1137e-10,0,1.0957e-10,1,0.098633,0.1854,-0.086767,0.01
4.1382e-10,0,1.1035e-10,1,0.099004,0.1854,-0.086396,0.01
4.1628e-10,0,1.1114e-10,1,0.099374,0.1854,-0.086026,0.01
4.1873e-10,0,1.1192e-10,1,0.099745,0.1854,-0.085655,0.01
4.2125e-10,0,1.1273e-10,1,0.10012,0.1854,-0.085284,0.01
4.2378e-10,0,1.1355e-10,1,0.10049,0.1854,-0.084913,0.01
4.2632e-10,0,1.1438e-10,1,0.10086,0.1854,-0.084542,0.01
4.2886e-10,0,1.152e-10,1,0.10123,0.1854,-0.084172,0.01
4.314e-10,0,1.1602e-10,1,0.1016,0.1854,-0.083801,0.01
4.3393e-10,0,1.1685e-10,1,0.10197,0.1854,-0.08343,0.01
4.3647e-10,0,1.1767e-10,1,0.10234,0.1854,-0.083059,0.01
4.3901e-10,0,1.1849e-10,1,0.10271,0.1854,-0.082688,0.01
4.4155e-10,0,1.1931e-10,1,0.10308,0.1854,-0.082318,0.01
4.4408e-10,0,1.2014e-10,1,0.10345,0.1854,-0.081947,0.01
4.4662e-10,0,1.2096e-10,1,0.10382,0.1854,-0.081576,0.01
4.492e-10,0,1.2181e-10,1,0.10419,0.1854,-0.081205,0.01
4.5182e-10,0,1.2269e-10,1,0.10457,0.1854,-0.080834,0.01
4.5444e-10,0,1.2357e-10,1,0.10494,0.1854,-0.080464,0.01
4.5706e-10,0,1.2444e-10,1,0.10531,0.1854,-0.080093,0.01
4.5969e-10,0,1.2532e-10,1,0.10568,0.1854,-0.079722,0.01
4.6231e-10,0,1.262e-10,1,0.10605,0.1854,-0.079351,0.01
4.6493e-10,0,1.2707e-10,1,0.10642,0.1854,-0.07898,0.01
4.6755e-10,0,1.2795e-10,1,0.10679,0.1854,-0.07861,0.01
4.7017e-10,0,1.2883e-10,1,0.10716,0.1854,-0.078239,0.01
4.7279e-10,0,1.297e-10,1,0.10753,0.1854,-0.077868,0.01
4.7541e-10,0,1.3058e-10,1,0.1079,0.1854,-0.077497,0.01
4.7804e-10,0,1.3147e-10,1,0.10827,0.1854,-0.077126,0.01
4.8071e-10,0,1.3238e-10,1,0.10864,0.1854,-0.076756,0.01
4.8337e-10,0,1.333e-10,1,0.10902,0.1854,-0.076385,0.01
4.8603e-10,0,1.3421e-10,1,0.10939,0.1854,-0.076014,0.01
4.8869e-10,0,1.3513e-10,1,0.10976,0.1854,-0.075643,0.01
4.9137e-10,0,1.3607e-10,1,0.11013,0.1854,-0.075272,0.01
4.9406e-10,0,1.3702e-10,1,0.1105,0.1854,-0.074902,0.01
4.9674e-10,0,1.3798e-10,1,0.11087,0.1854,-0.074531,0.01
4.9943e-10,0,1.3893e-10,1,0.11124,0.1854,-0.07416,0.01
5.0212e-10,0,1.3988e-10,1,0.11161,0.1854,-0.073789,0.01
5.0481e-10,0,1.4083e-10,1,0.11198,0.1854,-0.073418,0.01
5.0749e-10,0,1.4179e-10,1,0.11235,0.1854,-0.073048,0.01
5.1018e-10,0,1.4274e-10,1,0.11272,0.1854,-0.072677,0.01
5.1287e-10,0,1.4369e-10,1,0.11309,0.1854,-0.072306,0.01
5.1556e-10,0,1.4464e-10,1,0.11346,0.1854,-0.071935,0.01
5.1824e-10,0,1.4559e-10,1,0.11384,0.1854,-0.071564,0.01
5.2094e-10,0,1.4656e-10,1,0.11421,0.1854,-0.071194,0.01
5.2364e-10,0,1.4755e-10,1,0.11458,0.1854,-0.070823,0.01
5.2634e-10,0,1.4857e-10,1,0.11495,0.1854,-0.070452,0.01
5.2904e-10,0,1.4959e-10,1,0.11532,0.1854,-0.070081,0.01
5.3174e-10,0,1.506e-10,1,0.11569,0.1854,-0.06971,0.01
5.3444e-10,0,1.5162e-10,1,0.11606,0.1854,-0.06934,0.01
5.3715e-10,0,1.5264e-10,1,0.11643,0.1854,-0.068969,0.01
5.3985e-10,0,1.5366e-10,1,0.1168,0.1854,-0.068598,0.01
5.4255e-10,0,1.5468e-10,1,0.11717,0.1854,-0.068227,0.01
5.4525e-10,0,1.5569e-10,1,0.11754,0.1854,-0.067856,0.01
5.4795e-10,0,1.5671e-10,1,0.11791,0.1854,-0.067486,0.01
5.5065e-10,0,1.5773e-10,1,0.11829,0.1854,-0.067115,0.01
5.5336e-10,0,1.5875e-10,1,0.11866,0.1854,-0.066744,0.01
5.5606e-10,0,1.5976e-10,1,0.11903,0.1854,-0.066373,0.01
5.5876e-10,0,1.6078e-10,1,0.1194,0.1854,-0.066002,0.01
5.6146e-10,0,1.6182e-10,1,0.11977,0.1854,-0.065632,0.01
5.6415e-10,0,1.6287e-10,1,0.12014,0.1854,-0.065261,0.01
5.6683e-10,0,1.6394e-10,1,0.12051,0.1854,-0.06489,0.01
5.6951e-10,0,1.6501e-10,1,0.12088,0.1854,-0.064519,0.01
5.722e-10,0,1.6608e-10,1,0.12125,0.1854,-0.064148,0.01
5.7488e-10,0,1.6715e-10,1,0.12162,0.1854,-0.063778,0.01
5.7756e-10,0,1.6822e-10,1,0.12199,0.1854,-0.063407,0.01
5.8025e-10,0,1.6929e-10,1,0.12236,0.1854,-0.063036,0.01
5.829e-10,0,1.704e-10,1,0.12273,0.1854,-0.062665,0.01
5.8556e-10,0,1.715e-10,1,0.12311,0.1854,-0.062294,0.01
5.8822e-10,0,1.726e-10,1,0.12348,0.1854,-0.061924,0.01
5.9088e-10,0,1.7371e-10,1,0.12385,0.1854,-0.061553,0.01
5.9354e-10,0,1.7481e-10,1,0.12422,0.1854,-0.061182,0.01
5.962e-10,0,1.7592e-10,1,0.12459,0.1854,-0.060811,0.01
5.9886e-10,0,1.7702e-10,1,0.12496,0.1854,-0.06044,0.01
6.0151e-10,0,1.7812e-10,1,0.12533,0.1854,-0.06007,0.01
6.0416e-10,0,1.7924e-10,1,0.1257,0.1854,-0.059699,0.01
6.0676e-10,0,1.8039e-10,1,0.12607,0.1854,-0.059328,0.01
6.0936e-10,0,1.8154e-10,1,0.12644,0.1854,-0.058957,0.01
6.1196e-10,0,1.8269e-10,1,0.12681,0.1854,-0.058586,0.01
6.1457e-10,0,1.8385e-10,1,0.12718,0.1854,-0.058216,0.01
6.1717e-10,0,1.85e-10,1,0.12756,0.1854,-0.057845,0.01
6.1977e-10,0,1.8615e-10,1,0.12793,0.1854,-0.057474,0.01
6.2237e-10,0,1.873e-10,1,0.1283,0.1854,-0.057103,0.01
6.2497e-10,0,1.8846e-10,1,0.12867,0.1854,-0.056732,0.01
6.2757e-10,0,1.8961e-10,1,0.12904,0.1854,-0.056362,0.01
6.3017e-10,0,1.9076e-10,1,0.12941,0.1854,-0.055991,0.01
6.3277e-10,0,1.9192e-10,1,0.12978,0.1854,-0.05562,0.01
6.3537e-10,0,1.9307e-10,1,0.13015,0.1854,-0.055249,0.01
6.3797e-10,0,1.9422e-10,1,0.13052,0.1854,-0.054878,0.01
6.4054e-10,0,1.9539e-10,1,0.13089,0.1854,-0.054508,0.01
6.4308e-10,0,1.9658e-10,1,0.13126,0.1854,-0.054137,0.01
6.4558e-10,0,1.9778e-10,1,0.13163,0.1854,-0.053766,0.01
6.4807e-10,0,1.9899e-10,1,0.132,0.1854,-0.053395,0.01
6.5057e-10,0,2.0019e-10,1,0.13238,0.1854,-0.053024,0.01
6.5306e-10,0,2.014e-10,1,0.13275,0.1854,-0.052654,0.01
6.5556e-10,0,2.0261e-10,1,0.13312,0.1854,-0.052283,0.01
6.5805e-10,0,2.0381e-10,1,0.13349,0.1854,-0.051912,0.01
6.6055e-10,0,2.0502e-10,1,0.13386,0.1854,-0.051541,0.01
6.6304e-10,0,2.0622e-10,1,0.13423,0.1854,-0.05117,0.01
6.6554e-10,0,2.0743e-10,1,0.1346,0.1854,-0.0508,0.01
6.6803e-10,0,2.0864e-10,1,0.13497,0.1854,-0.050429,0.01
6.7046e-10,0,2.0986e-10,1,0.13534,0.1854,-0.050058,0.01
6.7285e-10,0,2.1111e-10,1,0.13571,0.1854,-0.049687,0.01
6.7523e-10,0,2.1235e-10,1,0.13608,0.1854,-0.049316,0.01
6.7762e-10,0,2.1359e-10,1,0.13645,0.1854,-0.048946,0.01
6.8001e-10,0,2.1483e-10,1,0.13683,0.1854,-0.048575,0.01
6.8239e-10,0,2.1607e-10,1,0.1372,0.1854,-0.048204,0.01
6.8478e-10,0,2.1732e-10,1,0.13757,0.1854,-0.047833,0.01
6.8717e-10,0,2.1856e-10,1,0.13794,0.1854,-0.047462,0.01
6.8955e-10,0,2.198e-10,1,0.13831,0.1854,-0.047092,0.01
6.9194e-10,0,2.2104e-10,1,0.13868,0.1854,-0.046721,0.01
6.9432e-10,0,2.2228e-10,1,0.13905,0.1854,-0.04635,0.01
6.9656e-10,0,2.2355e-10,1,0.13942,0.1854,-0.045979,0.01
6.9881e-10,0,2.2482e-10,1,0.13979,0.1854,-0.045608,0.01
7.0105e-10,0,2.2609e-10,1,0.14016,0.1854,-0.045238,0.01
7.033e-10,0,2.2736e-10,1,0.14053,0.1854,-0.044867,0.01
7.0555e-10,0,2.2863e-10,1,0.1409,0.1854,-0.044496,0.01
7.0779e-10,0,2.2989e-10,1,0.14127,0.1854,-0.044125,0.01
7.1004e-10,0,2.3116e-10,1,0.14165,0.1854,-0.043754,0.01
7.1228e-10,0,2.3243e-10,1,0.14202,0.1854,-0.043384,0.01
7.1453e-10,0,2.337e-10,1,0.14239,0.1854,-0.043013,0.01
7.1678e-10,0,2.3497e-10,1,0.14276,0.1854,-0.042642,0.01
7.1902e-10,0,2.3623e-10,1,0.14313,0.1854,-0.042271,0.01
7.2112e-10,0,2.3751e-10,1,0.1435,0.1854,-0.0419,0.01
7.2319e-10,0,2.3878e-10,1,0.14387,0.1854,-0.04153,0.01
7.2525e-10,0,2.4006e-10,1,0.14424,0.1854,-0.041159,0.01
7.2732e-10,0,2.4133e-10,1,0.14461,0.1854,-0.040788,0.01
7.2939e-10,0,2.4261e-10,1,0.14498,0.1854,-0.040417,0.01
7.3146e-10,0,2.4388e-10,1,0.14535,0.1854,-0.040046,0.01
7.3353e-10,0,2.4515e-10,1,0.14572,0.1854,-0.039676,0.01
7.356e-10,0,2.4643e-10,1,0.1461,0.1854,-0.039305,0.01
7.3766e-10,0,2.477e-10,1,0.14647,0.1854,-0.038934,0.01
7.3973e-10,0,2.4898e-10,1,0.14684,0.1854,-0.038563,0.01
7.418e-10,0,2.5025e-10,1,0.14721,0.1854,-0.038192,0.01
7.4373e-10,0,2.5151e-10,1,0.14758,0.1854,-0.037822,0.01
7.4559e-10,0,2.5275e-10,1,0.14795,0.1854,-0.037451,0.01
7.4744e-10,0,2.54e-10,1,0.14832,0.1854,-0.03708,0.01
7.493e-10,0,2.5525e-10,1,0.14869,0.1854,-0.036709,0.01
7.5115e-10,0,2.5649e-10,1,0.14906,0.1854,-0.036338,0.01
7.53e-10,0,2.5774e-10,1,0.14943,0.1854,-0.035968,0.01
7.5486e-10,0,2.5898e-10,1,0.1498,0.1854,-0.035597,0.01
7.5671e-10,0,2.6023e-10,1,0.15017,0.1854,-0.035226,0.01
7.5856e-10,0,2.6148e-10,1,0.15054,0.1854,-0.034855,0.01
7.6042e-10,0,2.6272e-10,1,0.15092,0.1854,-0.034484,0.01
7.6227e-10,0,2.6397e-10,1,0.15129,0.1854,-0.034114,0.01
7.6403e-10,0,2.6518e-10,1,0.15166,0.1854,-0.033743,0.01
7.6563e-10,0,2.6635e-10,1,0.15203,0.1854,-0.033372,0.01
7.6723e-10,0,2.6752e-10,1,0.1524,0.1854,-0.033001,0.01
7.6883e-10,0,2.6869e-10,1,0.15277,0.1854,-0.03263,0.01
7.7043e-10,0,2.6986e-10,1,0.15314,0.1854,-0.03226,0.01
7.7204e-10,0,2.7103e-10,1,0.15351,0.1854,-0.031889,0.01
7.7364e-10,0,2.722e-10,1,0.15388,0.1854,-0.031518,0.01
7.7524e-10,0,2.7337e-10,1,0.15425,0.1854,-0.031147,0.01
7.7684e-10,0,2.7454e-10,1,0.15462,0.1854,-0.030776,0.01
7.7844e-10,0,2.7571e-10,1,0.15499,0.1854,-0.030406,0.01
7.8004e-10,0,2.7688e-10,1,0.15537,0.1854,-0.030035,0.01
7.8162e-10,0,2.7804e-10,1,0.15574,0.1854,-0.029664,0.01
7.8306e-10,0,2.7914e-10,1,0.15611,0.1854,-0.029293,0.01
7.8436e-10,0,2.8018e-10,1,0.15648,0.1854,-0.028922,0.01
7.8562e-10,0,2.8121e-10,1,0.15685,0.1854,-0.028552,0.01
7.8687e-10,0,2.8223e-10,1,0.15722,0.1854,-0.028181,0.01
7.8813e-10,0,2.8325e-10,1,0.15759,0.1854,-0.02781,0.01
7.8939e-10,0,2.8428e-10,1,0.15796,0.1854,-0.027439,0.01
7.9065e-10,0,2.853e-10,1,0.15833,0.1854,-0.027068,0.01
7.919e-10,0,2.8633e-10,1,0.1587,0.1854,-0.026698,0.01
7.9316e-10,0,2.8735e-10,1,0.15907,0.1854,-0.026327,0.01
7.9442e-10,0,2.8837e-10,1,0.15944,0.1854,-0.025956,0.01
7.9568e-10,0,2.894e-10,1,0.15981,0.1854,-0.025585,0.01
7.9693e-10,0,2.9042e-10,1,0.16019,0.1854,-0.025214,0.01
7.9819e-10,0,2.9144e-10,1,0.16056,0.1854,-0.024844,0.01
7.9944e-10,0,2.9246e-10,1,0.16093,0.1854,-0.024473,0.01
8.0033e-10,0,2.9334e-10,1,0.1613,0.1854,-0.024102,0.01
8.0122e-10,0,2.9422e-10,1,0.16167,0.1854,-0.023731,0.01
8.0211e-10,0,2.9509e-10,1,0.16204,0.1854,-0.02336,0.01
8.03e-10,0,2.9597e-10,1,0.16241,0.1854,-0.02299,0.01
8.0389e-10,0,2.9685e-10,1,0.16278,0.1854,-0.022619,0.01
8.0478e-10,0,2.9773e-10,1,0.16315,0.1854,-0.022248,0.01
8.0567e-10,0,2.986e-10,1,0.16352,0.1854,-0.021877,0.01
8.0656e-10,0,2.9948e-10,1,0.16389,0.1854,-0.021506,0.01
8.0745e-10,0,3.0036e-10,1,0.16426,0.1854,-0.021136,0.01
8.0834e-10,0,3.0123e-10,1,0.16464,0.1854,-0.020765,0.01
8.0923e-10,0,3.0211e-10,1,0.16501,0.1854,-0.020394,0.01
8.1013e-10,0,3.0299e-10,1,0.16538,0.1854,-0.020023,0.01
8.1091e-10,0,3.0382e-10,1,0.16575,0.1854,-0.019652,0.01
8.1141e-10,0,3.0453e-10,1,0.16612,0.1854,-0.019282,0.01
8.1191e-10,0,3.0524e-10,1,0.16649,0.1854,-0.018911,0.01
8.1241e-10,0,3.0595e-10,1,0.16686,0.1854,-0.01854,0.01
8.129e-10,0,3.0666e-10,1,0.16723,0.1854,-0.018169,0.01
8.134e-10,0,3.0737e-10,1,0.1676,0.1854,-0.017798,0.01
8.139e-10,0,3.0808e-10,1,0.16797,0.1854,-0.017428,0.01
8.144e-10,0,3.0879e-10,1,0.16834,0.1854,-0.017057,0.01
8.149e-10,0,3.095e-10,1,0.16871,0.1854,-0.016686,0.01
8.154e-10,0,3.1021e-10,1,0.16908,0.1854,-0.016315,0.01
8.159e-10,0,3.1092e-10,1,0.16946,0.1854,-0.015944,0.01
8.164e-10,0,3.1163e-10,1,0.16983,0.1854,-0.015574,0.01
8.1684e-10,0,3.123e-10,1,0.1702,0.1854,-0.015203,0.01
8.1693e-10,0,3.1278e-10,1,0.17057,0.1854,-0.014832,0.01
8.1701e-10,0,3.1325e-10,1,0.17094,0.1854,-0.014461,0.01
8.171e-10,0,3.1372e-10,1,0.17131,0.1854,-0.01409,0.01
8.1719e-10,0,3.142e-10,1,0.17168,0.1854,-0.01372,0.01
8.1728e-10,0,3.1467e-10,1,0.17205,0.1854,-0.013349,0.01
8.1736e-10,0,3.1514e-10,1,0.17242,0.1854,-0.012978,0.01
8.1745e-10,0,3.1562e-10,1,0.17279,0.1854,-0.012607,0.01
8.1754e-10,0,3.1609e-10,1,0.17316,0.1854,-0.012236,0.01
8.1763e-10,0,3.1656e-10,1,0.17353,0.1854,-0.011866,0.01
8.1771e-10,0,3.1704e-10,1,0.17391,0.1854,-0.011495,0.01
8.178e-10,0,3.1751e-10,1,0.17428,0.1854,-0.011124,0.01
8.1789e-10,0,3.1798e-10,1,0.17465,0.1854,-0.010753,0.01
8.1754e-10,0,3.182e-10,1,0.17502,0.1854,-0.010382,0.01
8.1719e-10,0,3.1842e-10,1,0.17539,0.1854,-0.010012,0.01
8.1685e-10,0,3.1864e-10,1,0.17576,0.1854,-0.0096408,0.01
8.165e-10,0,3.1886e-10,1,0.17613,0.1854,-0.00927,0.01
8.1616e-10,0,3.1908e-10,1,0.1765,0.1854,-0.0088992,0.01
8.1581e-10,0,3.193e-10,1,0.17687,0.1854,-0.0085284,0.01
8.1547e-10,0,3.1952e-10,1,0.17724,0.1854,-0.0081576,0.01
8.1512e-10,0,3.1974e-10,1,0.17761,0.1854,-0.0077868,0.01
8.1478e-10,0,3.1995e-10,1,0.17798,0.1854,-0.007416,0.01
8.1443e-10,0,3.2017e-10,1,0.17835,0.1854,-0.0070452,0.01
8.1408e-10,0,3.2039e-10,1,0.17873,0.1854,-0.0066744,0.01
8.1374e-10,0,3.2061e-10,1,0.1791,0.1854,-0.0063036,0.01
8.1306e-10,0,3.2061e-10,1,0.17947,0.1854,-0.0059328,0.01
8.1233e-10,0,3.2058e-10,1,0.17984,0.1854,-0.005562,0.01
8.116e-10,0,3.2054e-10,1,0.18021,0.1854,-0.0051912,0.01
8.1087e-10,0,3.2051e-10,1,0.18058,0.1854,-0.0048204,0.01
8.1014e-10,0,3.2047e-10,1,0.18095,0.1854,-0.0044496,0.01
8.0941e-10,0,3.2044e-10,1,0.18132,0.1854,-0.0040788,0.01
8.0868e-10,0,3.204e-10,1,0.18169,0.1854,-0.003708,0.01
8.0795e-10,0,3.2037e-10,1,0.18206,0.1854,-0.0033372,0.01
8.072e-10,0,3.2031e-10,1,0.18243,0.1854,-0.0029664,0.01
8.0614e-10,0,3.2002e-10,1,0.1828,0.1854,-0.0025956,0.01
8.0509e-10,0,3.1973e-10,1,0.18318,0.1854,-0.0022248,0.01
8.0404e-10,0,3.1945e-10,1,0.18355,0.1854,-0.001854,0.01
8.0299e-10,0,3.1916e-10,1,0.18392,0.1854,-0.0014832,0.01
8.0194e-10,0,3.1887e-10,1,0.18429,0.1854,-0.0011124,0.01
8.0088e-10,0,3.1858e-10,1,0.18466,0.1854,-0.0007416,0.01
7.9983e-10,0,3.1829e-10,1,0.18503,0.1854,-0.0003708,0.01
7.9878e-10,0,3.1801e-10,1,0.1854,0.1854,0,0.01
7.976e-10,0,3.1761e-10,1,0.18577,0.1854,0.0003708,0.01
7.9612e-10,0,3.1698e-10,1,0.18614,0.1854,0.0007416,0.01
7.9465e-10,0,3.1636e-10,1,0.18651,0.1854,0.0011124,0.01
7.9317e-10,0,3.1573e-10,1,0.18688,0.1854,0.0014832,0.01
7.917e-10,0,3.151e-10,1,0.18725,0.1854,0.001854,0.01
7.9023e-10,0,3.1447e-10,1,0.18762,0.1854,0.0022248,0.01
7.8875e-10,0,3.1384e-10,1,0.188,0.1854,0.0025956,0.01
7.8728e-10,0,3.1322e-10,1,0.18837,0.1854,0.0029664,0.01
7.858e-10,0,3.1259e-10,1,0.18874,0.1854,0.0033372,0.01
7.8433e-10,0,3.1196e-10,1,0.18911,0.1854,0.003708,0.01
7.8286e-10,0,3.1133e-10,1,0.18948,0.1854,0.0040788,0.01
7.8138e-10,0,3.107e-10,1,0.18985,0.1854,0.0044496,0.01
7.7991e-10,0,3.1007e-10,1,0.19022,0.1854,0.0048204,0.01
7.7843e-10,0,3.0945e-10,1,0.19059,0.1854,0.0051912,0.01
7.7696e-10,0,3.0882e-10,1,0.19096,0.1854,0.005562,0.01
7.7527e-10,0,3.0807e-10,1,0.19133,0.1854,0.0059328,0.01
7.7336e-10,0,3.0722e-10,1,0.1917,0.1854,0.0063036,0.01
7.7146e-10,0,3.0636e-10,1,0.19207,0.1854,0.0066744,0.01
7.6955e-10,0,3.0551e-10,1,0.19245,0.1854,0.0070452,0.01
7.6765e-10,0,3.0465e-10,1,0.19282,0.1854,0.007416,0.01
7.6575e-10,0,3.0379e-10,1,0.19319,0.1854,0.0077868,0.01
7.6384e-10,0,3.0294e-10,1,0.19356,0.1854,0.0081576,0.01
7.6194e-10,0,3.0208e-10,1,0.19393,0.1854,0.0085284,0.01
7.6003e-10,0,3.0123e-10,1,0.1943,0.1854,0.0088992,0.01
7.5813e-10,0,3.0037e-10,1,0.19467,0.1854,0.00927,0.01
7.5622e-10,0,2.9951e-10,1,0.19504,0.1854,0.0096408,0.01
7.5432e-10,0,2.9866e-10,1,0.19541,0.1854,0.010012,0.01
7.5229e-10,0,2.9774e-10,1,0.19578,0.1854,0.010382,0.01
7.5003e-10,0,2.9671e-10,1,0.19615,0.1854,0.010753,0.01
7.4778e-10,0,2.9568e-10,1,0.19652,0.1854,0.011124,0.01
7.4552e-10,0,2.9465e-10,1,0.19689,0.1854,0.011495,0.01
7.4327e-10,0,2.9361e-10,1,0.19727,0.1854,0.011866,0.01
7.4101e-10,0,2.9258e-10,1,0.19764,0.1854,0.012236,0.01
7.3876e-10,0,2.9155e-10,1,0.19801,0.1854,0.012607,0.01
7.365e-10,0,2.9052e-10,1,0.19838,0.1854,0.012978,0.01
7.3425e-10,0,2.8949e-10,1,0.19875,0.1854,0.013349,0.01
7.3199e-10,0,2.8846e-10,1,0.19912,0.1854,0.01372,0.01
7.2974e-10,0,2.8743e-10,1,0.19949,0.1854,0.01409,0.01
7.2748e-10,0,2.864e-10,1,0.19986,0.1854,0.014461,0.01
7.2515e-10,0,2.8533e-10,1,0.20023,0.1854,0.014832,0.01
7.2258e-10,0,2.841e-10,1,0.2006,0.1854,0.015203,0.01
7.2001e-10,0,2.8288e-10,1,0.20097,0.1854,0.015574,0.01
7.1744e-10,0,2.8165e-10,1,0.20134,0.1854,0.015944,0.01
7.1487e-10,0,2.8043e-10,1,0.20172,0.1854,0.016315,0.01
7.1229e-10,0,2.792e-10,1,0.20209,0.1854,0.016686,0.01
7.0972e-10,0,2.7798e-10,1,0.20246,0.1854,0.017057,0.01
7.0715e-10,0,2.7675e-10,1,0.20283,0.1854,0.017428,0.01
7.0458e-10,0,2.7553e-10,1,0.2032,0.1854,0.017798,0.01
7.02e-10,0,2.7431e-10,1,0.20357,0.1854,0.018169,0.01
6.9943e-10,0,2.7308e-10,1,0.20394,0.1854,0.01854,0.01
6.9686e-10,0,2.7186e-10,1,0.20431,0.1854,0.018911,0.01
6.9426e-10,0,2.7061e-10,1,0.20468,0.1854,0.019282,0.01
6.9139e-10,0,2.6918e-10,1,0.20505,0.1854,0.019652,0.01
6.8852e-10,0,2.6775e-10,1,0.20542,0.1854,0.020023,0.01
6.8566e-10,0,2.6633e-10,1,0.20579,0.1854,0.020394,0.01
6.8279e-10,0,2.649e-10,1,0.20616,0.1854,0.020765,0.01
6.7992e-10,0,2.6347e-10,1,0.20654,0.1854,0.021136,0.01
6.7705e-10,0,2.6204e-10,1,0.20691,0.1854,0.021506,0.01
6.7419e-10,0,2.6061e-10,1,0.20728,0.1854,0.021877,0.01
6.7132e-10,0,2.5918e-10,1,0.20765,0.1854,0.022248,0.01
6.6845e-10,0,2.5775e-10,1,0.20802,0.1854,0.022619,0.01
6.6558e-10,0,2.5633e-10,1,0.20839,0.1854,0.02299,0.01
6.6272e-10,0,2.549e-10,1,0.20876,0.1854,0.02336,0.01
6.5985e-10,0,2.5347e-10,1,0.20913,0.1854,0.023731,0.01
6.5698e-10,0,2.5204e-10,1,0.2095,0.1854,0.024102,0.01
6.5395e-10,0,2.5054e-10,1,0.20987,0.1854,0.024473,0.01
6.5083e-10,0,2.4899e-10,1,0.21024,0.1854,0.024844,0.01
6.4771e-10,0,2.4745e-10,1,0.21061,0.1854,0.025214,0.01
6.4459e-10,0,2.4591e-10,1,0.21099,0.1854,0.025585,0.01
6.4147e-10,0,2.4436e-10,1,0.21136,0.1854,0.025956,0.01
6.3834e-10,0,2.4282e-10,1,0.21173,0.1854,0.026327,0.01
6.3522e-10,0,2.4128e-10,1,0.2121,0.1854,0.026698,0.01
6.321e-10,0,2.3974e-10,1,0.21247,0.1854,0.027068,0.01
6.2898e-10,0,2.3819e-10,1,0.21284,0.1854,0.027439,0.01
6.2586e-10,0,2.3665e-10,1,0.21321,0.1854,0.02781,0.01
6.2274e-10,0,2.3511e-10,1,0.21358,0.1854,0.028181,0.01
6.1962e-10,0,2.3356e-10,1,0.21395,0.1854,0.028552,0.01
6.165e-10,0,2.3202e-10,1,0.21432,0.1854,0.028922,0.01
6.1336e-10,0,2.3047e-10,1,0.21469,0.1854,0.029293,0.01
6.1013e-10,0,2.289e-10,1,0.21506,0.1854,0.029664,0.01
6.068e-10,0,2.273e-10,1,0.21543,0.1854,0.030035,0.01
6.0344e-10,0,2.257e-10,1,0.21581,0.1854,0.030406,0.01
6.0009e-10,0,2.241e-10,1,0.21618,0.1854,0.030776,0.01
5.9673e-10,0,2.225e-10,1,0.21655,0.1854,0.031147,0.01
5.9338e-10,0,2.209e-10,1,0.21692,0.1854,0.031518,0.01
5.9002e-10,0,2.193e-10,1,0.21729,0.1854,0.031889,0.01
5.8667e-10,0,2.1769e-10,1,0.21766,0.1854,0.03226,0.01
5.8332e-10,0,2.1609e-10,1,0.21803,0.1854,0.03263,0.01
5.7996e-10,0,2.1449e-10,1,0.2184,0.1854,0.033001,0.01
5.7661e-10,0,2.1289e-10,1,0.21877,0.1854,0.033372,0.01
5.7325e-10,0,2.1129e-10,1,0.21914,0.1854,0.033743,0.01
5.699e-10,0,2.0969e-10,1,0.21951,0.1854,0.034114,0.01
5.6654e-10,0,2.0808e-10,1,0.21988,0.1854,0.034484,0.01
5.6319e-10,0,2.0648e-10,1,0.22026,0.1854,0.034855,0.01
5.5984e-10,0,2.0488e-10,1,0.22063,0.1854,0.035226,0.01
5.5648e-10,0,2.0328e-10,1,0.221,0.1854,0.035597,0.01
5.5307e-10,0,2.0169e-10,1,0.22137,0.1854,0.035968,0.01
5.4956e-10,0,2.0014e-10,1,0.22174,0.1854,0.036338,0.01
5.4605e-10,0,1.9858e-10,1,0.22211,0.1854,0.036709,0.01
5.4254e-10,0,1.9702e-10,1,0.22248,0.1854,0.03708,0.01
5.3903e-10,0,1.9547e-10,1,0.22285,0.1854,0.037451,0.01
5.3552e-10,0,1.9391e-10,1,0.22322,0.1854,0.037822,0.01
5.3201e-10,0,1.9235e-10,1,0.22359,0.1854,0.038192,0.01
5.285e-10,0,1.908e-10,1,0.22396,0.1854,0.038563,0.01
5.2499e-10,0,1.8924e-10,1,0.22433,0.1854,0.038934,0.01
5.2148e-10,0,1.8768e-10,1,0.2247,0.1854,0.039305,0.01
5.1796e-10,0,1.8612e-10,1,0.22508,0.1854,0.039676,0.01
5.1445e-10,0,1.8457e-10,1,0.22545,0.1854,0.040046,0.01
5.1094e-10,0,1.8301e-10,1,0.22582,0.1854,0.040417,0.01
5.0743e-10,0,1.8145e-10,1,0.22619,0.1854,0.040788,0.01
5.0392e-10,0,1.799e-10,1,0.22656,0.1854,0.041159,0.01
5.0041e-10,0,1.7834e-10,1,0.22693,0.1854,0.04153,0.01
4.969e-10,0,1.7678e-10,1,0.2273,0.1854,0.0419,0.01
4.933e-10,0,1.753e-10,1,0.22767,0.1854,0.042271,0.01
4.8969e-10,0,1.7382e-10,1,0.22804,0.1854,0.042642,0.01
4.8608e-10,0,1.7234e-10,1,0.22841,0.1854,0.043013,0.01
4.8247e-10,0,1.7087e-10,1,0.22878,0.1854,0.043384,0.01
4.7886e-10,0,1.6939e-10,1,0.22915,0.1854,0.043754,0.01
4.7525e-10,0,1.6791e-10,1,0.22953,0.1854,0.044125,0.01
4.7164e-10,0,1.6644e-10,1,0.2299,0.1854,0.044496,0.01
4.6803e-10,0,1.6496e-10,1,0.23027,0.1854,0.044867,0.01
4.6442e-10,0,1.6349e-10,1,0.23064,0.1854,0.045238,0.01
4.6081e-10,0,1.6201e-10,1,0.23101,0.1854,0.045608,0.01
4.572e-10,0,1.6053e-10,1,0.23138,0.1854,0.045979,0.01
4.5359e-10,0,1.5906e-10,1,0.23175,0.1854,0.04635,0.01
4.4998e-10,0,1.5758e-10,1,0.23212,0.1854,0.046721,0.01
4.4637e-10,0,1.561e-10,1,0.23249,0.1854,0.047092,0.01
4.4276e-10,0,1.5463e-10,1,0.23286,0.1854,0.047462,0.01
4.3914e-10,0,1.5315e-10,1,0.23323,0.1854,0.047833,0.01
4.3551e-10,0,1.5171e-10,1,0.2336,0.1854,0.048204,0.01
4.3185e-10,0,1.5034e-10,1,0.23397,0.1854,0.048575,0.01
4.2818e-10,0,1.4896e-10,1,0.23435,0.1854,0.048946,0.01
4.2451e-10,0,1.4759e-10,1,0.23472,0.1854,0.049316,0.01
4.2084e-10,0,1.4622e-10,1,0.23509,0.1854,0.049687,0.01
4.1717e-10,0,1.4484e-10,1,0.23546,0.1854,0.050058,0.01
4.135e-10,0,1.4347e-10,1,0.23583,0.1854,0.050429,0.01
4.0983e-10,0,1.421e-10,1,0.2362,0.1854,0.0508,0.01
4.0616e-10,0,1.4072e-10,1,0.23657,0.1854,0.05117,0.01
4.0249e-10,0,1.3935e-10,1,0.23694,0.1854,0.051541,0.01
3.9883e-10,0,1.3798e-10,1,0.23731,0.1854,0.051912,0.01
3.9516e-10,0,1.366e-10,1,0.23768,0.1854,0.052283,0.01
3.9149e-10,0,1.3523e-10,1,0.23805,0.1854,0.052654,0.01
3.8782e-10,0,1.3386e-10,1,0.23842,0.1854,0.053024,0.01
3.8415e-10,0,1.3248e-10,1,0.2388,0.1854,0.053395,0.01
3.8048e-10,0,1.3111e-10,1,0.23917,0.1854,0.053766,0.01
3.7681e-10,0,1.2974e-10,1,0.23954,0.1854,0.054137,0.01
3.7313e-10,0,1.2842e-10,1,0.23991,0.1854,0.054508,0.01
3.6944e-10,0,1.2714e-10,1,0.24028,0.1854,0.054878,0.01
3.6575e-10,0,1.2588e-10,1,0.24065,0.1854,0.055249,0.01
3.6205e-10,0,1.2463e-10,1,0.24102,0.1854,0.05562,0.01
3.5836e-10,0,1.2338e-10,1,0.24139,0.1854,0.055991,0.01
3.5467e-10,0,1.2213e-10,1,0.24176,0.1854,0.056362,0.01
3.5097e-10,0,1.2088e-10,1,0.24213,0.1854,0.056732,0.01
3.4728e-10,0,1.1963e-10,1,0.2425,0.1854,0.057103,0.01
3.4358e-10,0,1.1838e-10,1,0.24287,0.1854,0.057474,0.01
3.3989e-10,0,1.1713e-10,1,0.24324,0.1854,0.057845,0.01
3.362e-10,0,1.1588e-10,1,0.24362,0.1854,0.058216,0.01
3.325e-10,0,1.1463e-10,1,0.24399,0.1854,0.058586,0.01
3.2881e-10,0,1.1338e-10,1,0.24436,0.1854,0.058957,0.01
3.2511e-10,0,1.1213e-10,1,0.24473,0.1854,0.059328,0.01
3.2142e-10,0,1.1088e-10,1,0.2451,0.1854,0.059699,0.01
3.1772e-10,0,1.0963e-10,1,0.24547,0.1854,0.06007,0.01
3.1403e-10,0,1.0848e-10,1,0.24584,0.1854,0.06044,0.01
3.1034e-10,0,1.0734e-10,1,0.24621,0.1854,0.060811,0.01
3.0665e-10,0,1.0621e-10,1,0.24658,0.1854,0.061182,0.01
3.0296e-10,0,1.0507e-10,1,0.24695,0.1854,0.061553,0.01
2.9926e-10,0,1.0393e-10,1,0.24732,0.1854,0.061924,0.01
2.9557e-10,0,1.0279e-10,1,0.24769,0.1854,0.062294,0.01
2.9188e-10,0,1.0166e-10,1,0.24807,0.1854,0.062665,0.01
2.8819e-10,0,1.0052e-10,1,0.24844,0.1854,0.063036,0.01
2.845e-10,0,9.9382e-11,1,0.24881,0.1854,0.063407,0.01
2.808e-10,0,9.8245e-11,1,0.24918,0.1854,0.063778,0.01
2.7711e-10,0,9.7108e-11,1,0.24955,0.1854,0.064148,0.01
2.7342e-10,0,9.5971e-11,1,0.24992,0.1854,0.064519,0.01
2.6973e-10,0,9.4833e-11,1,0.25029,0.1854,0.06489,0.01
2.6604e-10,0,9.3696e-11,1,0.25066,0.1854,0.065261,0.01
2.6236e-10,0,9.2604e-11,1,0.25103,0.1854,0.065632,0.01
2.5869e-10,0,9.1584e-11,1,0.2514,0.1854,0.066002,0.01
2.5503e-10,0,9.0564e-11,1,0.25177,0.1854,0.066373,0.01
2.5137e-10,0,8.9545e-11,1,0.25214,0.1854,0.066744,0.01
2.4771e-10,0,8.8525e-11,1,0.25251,0.1854,0.067115,0.01
2.4404e-10,0,8.7505e-11,1,0.25289,0.1854,0.067486,0.01
2.4038e-10,0,8.6485e-11,1,0.25326,0.1854,0.067856,0.01
2.3672e-10,0,8.5466e-11,1,0.25363,0.1854,0.068227,0.01
2.3305e-10,0,8.4446e-11,1,0.254,0.1854,0.068598,0.01
2.2939e-10,0,8.3426e-11,1,0.25437,0.1854,0.068969,0.01
2.2573e-10,0,8.2406e-11,1,0.25474,0.1854,0.06934,0.01
2.2207e-10,0,8.1387e-11,1,0.25511,0.1854,0.06971,0.01
2.184e-10,0,8.0367e-11,1,0.25548,0.1854,0.070081,0.01
2.1474e-10,0,7.9347e-11,1,0.25585,0.1854,0.070452,0.01
2.1108e-10,0,7.8327e-11,1,0.25622,0.1854,0.070823,0.01
2.0744e-10,0,7.7362e-11,1,0.25659,0.1854,0.071194,0.01
2.0383e-10,0,7.6435e-11,1,0.25696,0.1854,0.071564,0.01
2.0025e-10,0,7.5541e-11,1,0.25734,0.1854,0.071935,0.01
1.9667e-10,0,7.4648e-11,1,0.25771,0.1854,0.072306,0.01
1.9308e-10,0,7.3754e-11,1,0.25808,0.1854,0.072677,0.01
1.895e-10,0,7.2861e-11,1,0.25845,0.1854,0.073048,0.01
1.8591e-10,0,7.1967e-11,1,0.25882,0.1854,0.073418,0.01
1.8233e-10,0,7.1074e-11,1,0.25919,0.1854,0.073789,0.01
1.7875e-10,0,7.018e-11,1,0.25956,0.1854,0.07416,0.01
1.7516e-10,0,6.9287e-11,1,0.25993,0.1854,0.074531,0.01
1.7158e-10,0,6.8393e-11,1,0.2603,0.1854,0.074902,0.01
1.6799e-10,0,6.75e-11,1,0.26067,0.1854,0.075272,0.01
1.6441e-10,0,6.6606e-11,1,0.26104,0.1854,0.075643,0.01
1.6083e-10,0,6.5712e-11,1,0.26141,0.1854,0.076014,0.01
1.573e-10,0,6.4874e-11,1,0.26178,0.1854,0.076385,0.01
1.5379e-10,0,6.4046e-11,1,0.26216,0.1854,0.076756,0.01
1.504e-10,0,6.3287e-11,1,0.26253,0.1854,0.077126,0.01
1.4701e-10,0,6.2529e-11,1,0.2629,0.1854,0.077497,0.01
1.4362e-10,0,6.177e-11,1,0.26327,0.1854,0.077868,0.01
1.4023e-10,0,6.1011e-11,1,0.26364,0.1854,0.078239,0.01
1.3684e-10,0,6.0253e-11,1,0.26401,0.1854,0.07861,0.01
1.3345e-10,0,5.9494e-11,1,0.26438,0.1854,0.07898,0.01
1.3006e-10,0,5.8735e-11,1,0.26475,0.1854,0.079351,0.01
1.2667e-10,0,5.7977e-11,1,0.26512,0.1854,0.079722,0.01
1.2328e-10,0,5.7218e-11,1,0.26549,0.1854,0.080093,0.01
1.1989e-10,0,5.6459e-11,1,0.26586,0.1854,0.080464,0.01
1.165e-10,0,5.57e-11,1,0.26623,0.1854,0.080834,0.01
1.1311e-10,0,5.4942e-11,1,0.26661,0.1854,0.081205,0.01
1.0994e-10,0,5.4247e-11,1,0.26698,0.1854,0.081576,0.01
1.0703e-10,0,5.3626e-11,1,0.26735,0.1854,0.081947,0.01
1.0412e-10,0,5.3004e-11,1,0.26772,0.1854,0.082318,0.01
1.0121e-10,0,5.2383e-11,1,0.26809,0.1854,0.082688,0.01
9.8297e-11,0,5.1762e-11,1,0.26846,0.1854,0.083059,0.01
9.5387e-11,0,5.1141e-11,1,0.26883,0.1854,0.08343,0.01
9.2477e-11,0,5.0519e-11,1,0.2692,0.1854,0.083801,0.01
8.9566e-11,0,4.9898e-11,1,0.26957,0.1854,0.084172,0.01
8.6656e-11,0,4.9277e-11,1,0.26994,0.1854,0.084542,0.01
8.3746e-11,0,4.8655e-11,1,0.27031,0.1854,0.084913,0.01
8.0836e-11,0,4.8034e-11,1,0.27068,0.1854,0.085284,0.01
7.7925e-11,0,4.7413e-11,1,0.27105,0.1854,0.085655,0.01
7.5015e-11,0,4.6791e-11,1,0.27143,0.1854,0.086026,0.01
7.2853e-11,0,4.6273e-11,1,0.2718,0.1854,0.086396,0.01
7.0773e-11,0,4.5765e-11,1,0.27217,0.1854,0.086767,0.01
6.8692e-11,0,4.5258e-11,1,0.27254,0.1854,0.087138,0.01
6.6611e-11,0,4.4751e-11,1,0.27291,0.1854,0.087509,0.01
6.453e-11,0,4.4243e-11,1,0.27328,0.1854,0.08788,0.01
6.2924e-11,0,4.3775e-11,1,0.27365,0.1854,0.08825,0.01
6.1777e-11,0,4.3345e-11,1,0.27402,0.1854,0.088621,0.01
6.0629e-11,0,4.2915e-11,1,0.27439,0.1854,0.088992,0.01
5.9481e-11,0,4.2486e-11,1,0.27476,0.1854,0.089363,0.01
5.8333e-11,0,4.2056e-11,1,0.27513,0.1854,0.089734,0.01
5.7837e-11,0,4.1676e-11,1,0.2755,0.1854,0.090104,0.01
5.9001e-11,0,4.1424e-11,1,0.27588,0.1854,0.090475,0.01
6.0165e-11,0,4.1172e-11,1,0.27625,0.1854,0.090846,0.01
6.1329e-11,0,4.092e-11,1,0.27662,0.1854,0.091217,0.01
6.2493e-11,0,4.0668e-11,1,0.27699,0.1854,0.091588,0.01
6.3657e-11,0,4.0415e-11,1,0.27736,0.1854,0.091958,0.01
6.4821e-11,0,4.0163e-11,1,0.27773,0.1854,0.092329,0.01
6.5985e-11,0,3.9911e-11,1,0.2781,0.1854,0.0927,0.01
6.715e-11,0,3.9659e-11,1,0.27847,0.1854,0.093071,0.01
6.8314e-11,0,3.9407e-11,1,0.27884,0.1854,0.093442,0.01
6.9478e-11,0,3.9155e-11,1,0.27921,0.1854,0.093812,0.01
7.0642e-11,0,3.8903e-11,1,0.27958,0.1854,0.094183,0.01
7.1806e-11,0,3.8651e-11,1,0.27995,0.1854,0.094554,0.01
7.297e-11,0,3.8399e-11,1,0.28032,0.1854,0.094925,0.01
7.4134e-11,0,3.8146e-11,1,0.2807,0.1854,0.095296,0.01
7.5298e-11,0,3.7894e-11,1,0.28107,0.1854,0.095666,0.01
7.6821e-11,0,3.77e-11,1,0.28144,0.1854,0.096037,0.01
7.9767e-11,0,3.7736e-11,1,0.28181,0.1854,0.096408,0.01
8.2712e-11,0,3.7771e-11,1,0.28218,0.1854,0.096779,0.01
8.5657e-11,0,3.7807e-11,1,0.28255,0.1854,0.09715,0.01
8.8602e-11,0,3.7842e-11,1,0.28292,0.1854,0.09752,0.01
9.1547e-11,0,3.7878e-11,1,0.28329,0.1854,0.097891,0.01
9.4492e-11,0,3.7914e-11,1,0.28366,0.1854,0.098262,0.01
9.7437e-11,0,3.7949e-11,1,0.28403,0.1854,0.098633,0.01
1.0038e-10,0,3.7985e-11,1,0.2844,0.1854,0.099004,0.01
1.0333e-10,0,3.802e-11,1,0.28477,0.1854,0.099374,0.01
1.0627e-10,0,3.8056e-11,1,0.28515,0.1854,0.099745,0.01
1.0922e-10,0,3.8091e-11,1,0.28552,0.1854,0.10012,0.01
1.1216e-10,0,3.8127e-11,1,0.28589,0.1854,0.10049,0.01
1.1511e-10,0,3.8163e-11,1,0.28626,0.1854,0.10086,0.01
1.1805e-10,0,3.8198e-11,1,0.28663,0.1854,0.10123,0.01
1.21e-10,0,3.8234e-11,1,0.287,0.1854,0.1016,0.01
1.2399e-10,0,3.8298e-11,1,0.28737,0.1854,0.10197,0.01
1.2732e-10,0,3.857e-11,1,0.28774,0.1854,0.10234,0.01
1.3064e-10,0,3.8843e-11,1,0.28811,0.1854,0.10271,0.01
1.3397e-10,0,3.9115e-11,1,0.28848,0.1854,0.10308,0.01
1.373e-10,0,3.9387e-11,1,0.28885,0.1854,0.10345,0.01
1.4062e-10,0,3.966e-11,1,0.28922,0.1854,0.10382,0.01
1.4395e-10,0,3.9932e-11,1,0.28959,0.1854,0.10419,0.01
1.4728e-10,0,4.0204e-11,1,0.28997,0.1854,0.10457,0.01
1.5061e-10,0,4.0476e-11,1,0.29034,0.1854,0.10494,0.01
1.5393e-10,0,4.0749e-11,1,0.29071,0.1854,0.10531,0.01
1.5726e-10,0,4.1021e-11,1,0.29108,0.1854,0.10568,0.01
1.6059e-10,0,4.1293e-11,1,0.29145,0.1854,0.10605,0.01
1.6391e-10,0,4.1566e-11,1,0.29182,0.1854,0.10642,0.01
1.6724e-10,0,4.1838e-11,1,0.29219,0.1854,0.10679,0.01
1.7057e-10,0,4.211e-11,1,0.29256,0.1854,0.10716,0.01
1.739e-10,0,4.2383e-11,1,0.29293,0.1854,0.10753,0.01
1.7723e-10,0,4.2661e-11,1,0.2933,0.1854,0.1079,0.01
1.8061e-10,0,4.308e-11,1,0.29367,0.1854,0.10827,0.01
1.84e-10,0,4.3498e-11,1,0.29404,0.1854,0.10864,0.01
1.8739e-10,0,4.3917e-11,1,0.29442,0.1854,0.10902,0.01
1.9077e-10,0,4.4335e-11,1,0.29479,0.1854,0.10939,0.01
1.9416e-10,0,4.4754e-11,1,0.29516,0.1854,0.10976,0.01
1.9755e-10,0,4.5173e-11,1,0.29553,0.1854,0.11013,0.01
2.0094e-10,0,4.5591e-11,1,0.2959,0.1854,0.1105,0.01
2.0432e-10,0,4.601e-11,1,0.29627,0.1854,0.11087,0.01
2.0771e-10,0,4.6429e-11,1,0.29664,0.1854,0.11124,0.01
2.111e-10,0,4.6847e-11,1,0.29701,0.1854,0.11161,0.01
2.1449e-10,0,4.7266e-11,1,0.29738,0.1854,0.11198,0.01
2.1787e-10,0,4.7684e-11,1,0.29775,0.1854,0.11235,0.01
2.2126e-10,0,4.8103e-11,1,0.29812,0.1854,0.11272,0.01
2.2465e-10,0,4.8522e-11,1,0.29849,0.1854,0.11309,0.01
2.2803e-10,0,4.894e-11,1,0.29886,0.1854,0.11346,0.01
2.3142e-10,0,4.9359e-11,1,0.29924,0.1854,0.11384,0.01
2.3477e-10,0,4.985e-11,1,0.29961,0.1854,0.11421,0.01
2.3813e-10,0,5.0344e-11,1,0.29998,0.1854,0.11458,0.01
2.4148e-10,0,5.0838e-11,1,0.30035,0.1854,0.11495,0.01
2.4483e-10,0,5.1332e-11,1,0.30072,0.1854,0.11532,0.01
2.4818e-10,0,5.1825e-11,1,0.30109,0.1854,0.11569,0.01
2.5153e-10,0,5.2319e-11,1,0.30146,0.1854,0.11606,0.01
2.5488e-10,0,5.2813e-11,1,0.30183,0.1854,0.11643,0.01
2.5824e-10,0,5.3307e-11,1,0.3022,0.1854,0.1168,0.01
2.6159e-10,0,5.3801e-11,1,0.30257,0.1854,0.11717,0.01
2.6494e-10,0,5.4295e-11,1,0.30294,0.1854,0.11754,0.01
2.6829e-10,0,5.4789e-11,1,0.30331,0.1854,0.11791,0.01
2.7164e-10,0,5.5283e-11,1,0.30369,0.1854,0.11829,0.01
2.7499e-10,0,5.5777e-11,1,0.30406,0.1854,0.11866,0.01
2.7835e-10,0,5.6271e-11,1,0.30443,0.1854,0.11903,0.01
2.817e-10,0,5.6764e-11,1,0.3048,0.1854,0.1194,0.01
2.8505e-10,0,5.7258e-11,1,0.30517,0.1854,0.11977,0.01
2.8833e-10,0,5.7782e-11,1,0.30554,0.1854,0.12014,0.01
2.916e-10,0,5.8309e-11,1,0.30591,0.1854,0.12051,0.01
2.9487e-10,0,5.8837e-11,1,0.30628,0.1854,0.12088,0.01
2.9814e-10,0,5.9364e-11,1,0.30665,0.1854,0.12125,0.01
3.0142e-10,0,5.9892e-11,1,0.30702,0.1854,0.12162,0.01
3.0469e-10,0,6.0419e-11,1,0.30739,0.1854,0.12199,0.01
3.0796e-10,0,6.0947e-11,1,0.30776,0.1854,0.12236,0.01
3.1123e-10,0,6.1474e-11,1,0.30813,0.1854,0.12273,0.01
3.145e-10,0,6.2001e-11,1,0.30851,0.1854,0.12311,0.01
3.1777e-10,0,6.2529e-11,1,0.30888,0.1854,0.12348,0.01
3.2104e-10,0,6.3056e-11,1,0.30925,0.1854,0.12385,0.01
3.2432e-10,0,6.3584e-11,1,0.30962,0.1854,0.12422,0.01
3.2759e-10,0,6.4111e-11,1,0.30999,0.1854,0.12459,0.01
3.3086e-10,0,6.4639e-11,1,0.31036,0.1854,0.12496,0.01
3.3413e-10,0,6.5166e-11,1,0.31073,0.1854,0.12533,0.01
3.374e-10,0,6.5694e-11,1,0.3111,0.1854,0.1257,0.01
3.4058e-10,0,6.623e-11,1,0.31147,0.1854,0.12607,0.01
3.4375e-10,0,6.6769e-11,1,0.31184,0.1854,0.12644,0.01
3.4691e-10,0,6.7307e-11,1,0.31221,0.1854,0.12681,0.01
3.5007e-10,0,6.7846e-11,1,0.31258,0.1854,0.12718,0.01
3.5324e-10,0,6.8385e-11,1,0.31296,0.1854,0.12756,0.01
3.564e-10,0,6.8923e-11,1,0.31333,0.1854,0.12793,0.01
3.5956e-10,0,6.9462e-11,1,0.3137,0.1854,0.1283,0.01
3.6272e-10,0,7.0001e-11,1,0.31407,0.1854,0.12867,0.01
3.6589e-10,0,7.0539e-11,1,0.31444,0.1854,0.12904,0.01
3.6905e-10,0,7.1078e-11,1,0.31481,0.1854,0.12941,0.01
3.7221e-10,0,7.1616e-11,1,0.31518,0.1854,0.12978,0.01
3.7538e-10,0,7.2155e-11,1,0.31555,0.1854,0.13015,0.01
3.7854e-10,0,7.2694e-11,1,0.31592,0.1854,0.13052,0.01
3.817e-10,0,7.3232e-11,1,0.31629,0.1854,0.13089,0.01
3.8486e-10,0,7.3771e-11,1,0.31666,0.1854,0.13126,0.01
3.8803e-10,0,7.431e-11,1,0.31703,0.1854,0.13163,0.01
3.911e-10,0,7.4848e-11,1,0.3174,0.1854,0.132,0.01
3.9413e-10,0,7.5387e-11,1,0.31778,0.1854,0.13238,0.01
3.9716e-10,0,7.5925e-11,1,0.31815,0.1854,0.13275,0.01
4.002e-10,0,7.6463e-11,1,0.31852,0.1854,0.13312,0.01
4.0323e-10,0,7.7002e-11,1,0.31889,0.1854,0.13349,0.01
4.0627e-10,0,7.754e-11,1,0.31926,0.1854,0.13386,0.01
4.093e-10,0,7.8079e-11,1,0.31963,0.1854,0.13423,0.01
4.1234e-10,0,7.8617e-11,1,0.32,0.1854,0.1346,0.01
4.1537e-10,0,7.9156e-11,1,0.32037,0.1854,0.13497,0.01
4.184e-10,0,7.9694e-11,1,0.32074,0.1854,0.13534,0.01
4.2144e-10,0,8.0233e-11,1,0.32111,0.1854,0.13571,0.01
4.2447e-10,0,8.0771e-11,1,0.32148,0.1854,0.13608,0.01
4.2751e-10,0,8.1309e-11,1,0.32185,0.1854,0.13645,0.01
4.3054e-10,0,8.1848e-11,1,0.32223,0.1854,0.13683,0.01
4.3357e-10,0,8.2386e-11,1,0.3226,0.1854,0.1372,0.01
4.3661e-10,0,8.2925e-11,1,0.32297,0.1854,0.13757,0.01
4.3955e-10,0,8.346e-11,1,0.32334,0.1854,0.13794,0.01
4.4244e-10,0,8.3994e-11,1,0.32371,0.1854,0.13831,0.01
4.4534e-10,0,8.4527e-11,1,0.32408,0.1854,0.13868,0.01
4.4823e-10,0,8.5061e-11,1,0.32445,0.1854,0.13905,0.01
4.5112e-10,0,8.5595e-11,1,0.32482,0.1854,0.13942,0.01
4.5401e-10,0,8.6128e-11,1,0.32519,0.1854,0.13979,0.01
4.569e-10,0,8.6662e-11,1,0.32556,0.1854,0.14016,0.01
4.5979e-10,0,8.7195e-11,1,0.32593,0.1854,0.14053,0.01
4.6269e-10,0,8.7729e-11,1,0.3263,0.1854,0.1409,0.01
4.6558e-10,0,8.8263e-11,1,0.32667,0.1854,0.14127,0.01
4.6847e-10,0,8.8796e-11,1,0.32705,0.1854,0.14165,0.01
4.7136e-10,0,8.933e-11,1,0.32742,0.1854,0.14202,0.01
4.7425e-10,0,8.9864e-11,1,0.32779,0.1854,0.14239,0.01
4.7715e-10,0,9.0397e-11,1,0.32816,0.1854,0.14276,0.01
4.8004e-10,0,9.0931e-11,1,0.32853,0.1854,0.14313,0.01
4.8293e-10,0,9.1464e-11,1,0.3289,0.1854,0.1435,0.01
4.8574e-10,0,9.1996e-11,1,0.32927,0.1854,0.14387,0.01
4.8848e-10,0,9.2526e-11,1,0.32964,0.1854,0.14424,0.01
4.9123e-10,0,9.3055e-11,1,0.33001,0.1854,0.14461,0.01
4.9397e-10,0,9.3585e-11,1,0.33038,0.1854,0.14498,0.01
4.9671e-10,0,9.4115e-11,1,0.33075,0.1854,0.14535,0.01
4.9946e-10,0,9.4645e-11,1,0.33112,0.1854,0.14572,0.01
5.022e-10,0,9.5174e-11,1,0.3315,0.1854,0.1461,0.01
5.0495e-10,0,9.5704e-11,1,0.33187,0.1854,0.14647,0.01
5.0769e-10,0,9.6234e-11,1,0.33224,0.1854,0.14684,0.01
5.1043e-10,0,9.6764e-11,1,0.33261,0.1854,0.14721,0.01
5.1318e-10,0,9.7293e-11,1,0.33298,0.1854,0.14758,0.01
5.1592e-10,0,9.7823e-11,1,0.33335,0.1854,0.14795,0.01
5.1867e-10,0,9.8353e-11,1,0.33372,0.1854,0.14832,0.01
5.2141e-10,0,9.8882e-11,1,0.33409,0.1854,0.14869,0.01
5.2415e-10,0,9.9412e-11,1,0.33446,0.1854,0.14906,0.01
5.269e-10,0,9.9942e-11,1,0.33483,0.1854,0.14943,0.01
5.2957e-10,0,1.0047e-10,1,0.3352,0.1854,0.1498,0.01
5.3218e-10,0,1.0101e-10,1,0.33557,0.1854,0.15017,0.01
5.3478e-10,0,1.0154e-10,1,0.33594,0.1854,0.15054,0.01
5.3738e-10,0,1.0207e-10,1,0.33632,0.1854,0.15092,0.01
5.3999e-10,0,1.0261e-10,1,0.33669,0.1854,0.15129,0.01
5.4259e-10,0,1.0314e-10,1,0.33706,0.1854,0.15166,0.01
5.4519e-10,0,1.0367e-10,1,0.33743,0.1854,0.15203,0.01
5.478e-10,0,1.0421e-10,1,0.3378,0.1854,0.1524,0.01
5.504e-10,0,1.0474e-10,1,0.33817,0.1854,0.15277,0.01
5.53e-10,0,1.0527e-10,1,0.33854,0.1854,0.15314,0.01
5.5561e-10,0,1.0581e-10,1,0.33891,0.1854,0.15351,0.01
5.5821e-10,0,1.0634e-10,1,0.33928,0.1854,0.15388,0.01
5.6081e-10,0,1.0687e-10,1,0.33965,0.1854,0.15425,0.01
5.6342e-10,0,1.0741e-10,1,0.34002,0.1854,0.15462,0.01
5.6602e-10,0,1.0794e-10,1,0.34039,0.1854,0.15499,0.01
5.6862e-10,0,1.0847e-10,1,0.34077,0.1854,0.15537,0.01
5.7118e-10,0,1.0902e-10,1,0.34114,0.1854,0.15574,0.01
5.7368e-10,0,1.0957e-10,1,0.34151,0.1854,0.15611,0.01
5.7617e-10,0,1.1013e-10,1,0.34188,0.1854,0.15648,0.01
5.7866e-10,0,1.1068e-10,1,0.34225,0.1854,0.15685,0.01
5.8116e-10,0,1.1124e-10,1,0.34262,0.1854,0.15722,0.01
5.8365e-10,0,1.1179e-10,1,0.34299,0.1854,0.15759,0.01
5.8615e-10,0,1.1235e-10,1,0.34336,0.1854,0.15796,0.01
5.8864e-10,0,1.129e-10,1,0.34373,0.1854,0.15833,0.01
5.9113e-10,0,1.1346e-10,1,0.3441,0.1854,0.1587,0.01
5.9363e-10,0,1.1401e-10,1,0.34447,0.1854,0.15907,0.01
5.9612e-10,0,1.1457e-10,1,0.34484,0.1854,0.15944,0.01
5.9862e-10,0,1.1512e-10,1,0.34521,0.1854,0.15981,0.01
6.0111e-10,0,1.1568e-10,1,0.34559,0.1854,0.16019,0.01
6.036e-10,0,1.1623e-10,1,0.34596,0.1854,0.16056,0.01
6.061e-10,0,1.1679e-10,1,0.34633,0.1854,0.16093,0.01
6.0859e-10,0,1.1734e-10,1,0.3467,0.1854,0.1613,0.01
6.1108e-10,0,1.1792e-10,1,0.34707,0.1854,0.16167,0.01
6.1354e-10,0,1.1854e-10,1,0.34744,0.1854,0.16204,0.01
6.1601e-10,0,1.1915e-10,1,0.34781,0.1854,0.16241,0.01
6.1848e-10,0,1.1977e-10,1,0.34818,0.1854,0.16278,0.01
6.2094e-10,0,1.2039e-10,1,0.34855,0.1854,0.16315,0.01
6.2341e-10,0,1.21e-10,1,0.34892,0.1854,0.16352,0.01
6.2588e-10,0,1.2162e-10,1,0.34929,0.1854,0.16389,0.01
6.2835e-10,0,1.2224e-10,1,0.34966,0.1854,0.16426,0.01
6.3081e-10,0,1.2285e-10,1,0.35004,0.1854,0.16464,0.01
6.3328e-10,0,1.2347e-10,1,0.35041,0.1854,0.16501,0.01
6.3575e-10,0,1.2409e-10,1,0.35078,0.1854,0.16538,0.01
6.3822e-10,0,1.247e-10,1,0.35115,0.1854,0.16575,0.01
6.4068e-10,0,1.2532e-10,1,0.35152,0.1854,0.16612,0.01
6.4315e-10,0,1.2594e-10,1,0.35189,0.1854,0.16649,0.01
6.4562e-10,0,1.2655e-10,1,0.35226,0.1854,0.16686,0.01
6.4808e-10,0,1.2717e-10,1,0.35263,0.1854,0.16723,0.01
6.506e-10,0,1.2782e-10,1,0.353,0.1854,0.1676,0.01
6.5325e-10,0,1.2859e-10,1,0.35337,0.1854,0.16797,0.01
6.559e-10,0,1.2936e-10,1,0.35374,0.1854,0.16834,0.01
6.5855e-10,0,1.3013e-10,1,0.35411,0.1854,0.16871,0.01
6.612e-10,0,1.309e-10,1,0.35448,0.1854,0.16908,0.01
6.6385e-10,0,1.3167e-10,1,0.35486,0.1854,0.16946,0.01
6.665e-10,0,1.3244e-10,1,0.35523,0.1854,0.16983,0.01
6.6915e-10,0,1.3321e-10,1,0.3556,0.1854,0.1702,0.01
6.718e-10,0,1.3397e-10,1,0.35597,0.1854,0.17057,0.01
6.7445e-10,0,1.3474e-10,1,0.35634,0.1854,0.17094,0.01
6.771e-10,0,1.3551e-10,1,0.35671,0.1854,0.17131,0.01
6.7975e-10,0,1.3628e-10,1,0.35708,0.1854,0.17168,0.01
6.824e-10,0,1.3705e-10,1,0.35745,0.1854,0.17205,0.01
6.8505e-10,0,1.3782e-10,1,0.35782,0.1854,0.17242,0.01
6.8771e-10,0,1.3859e-10,1,0.35819,0.1854,0.17279,0.01
6.9036e-10,0,1.3936e-10,1,0.35856,0.1854,0.17316,0.01
6.9313e-10,0,1.4018e-10,1,0.35893,0.1854,0.17353,0.01
6.9654e-10,0,1.4133e-10,1,0.35931,0.1854,0.17391,0.01
6.9996e-10,0,1.4248e-10,1,0.35968,0.1854,0.17428,0.01
7.0337e-10,0,1.4363e-10,1,0.36005,0.1854,0.17465,0.01
7.0678e-10,0,1.4478e-10,1,0.36042,0.1854,0.17502,0.01
7.102e-10,0,1.4593e-10,1,0.36079,0.1854,0.17539,0.01
7.1361e-10,0,1.4707e-10,1,0.36116,0.1854,0.17576,0.01
7.1702e-10,0,1.4822e-10,1,0.36153,0.1854,0.17613,0.01
7.2044e-10,0,1.4937e-10,1,0.3619,0.1854,0.1765,0.01
7.2385e-10,0,1.5052e-10,1,0.36227,0.1854,0.17687,0.01
7.2726e-10,0,1.5167e-10,1,0.36264,0.1854,0.17724,0.01
7.3068e-10,0,1.5281e-10,1,0.36301,0.1854,0.17761,0.01
7.3409e-10,0,1.5396e-10,1,0.36338,0.1854,0.17798,0.01
7.375e-10,0,1.5511e-10,1,0.36375,0.1854,0.17835,0.01
7.4092e-10,0,1.5626e-10,1,0.36413,0.1854,0.17873,0.01
7.4433e-10,0,1.5741e-10,1,0.3645,0.1854,0.1791,0.01
7.4795e-10,4.5961e-12,1.5861e-10,1,0.36487,0.1854,0.17947,0.01
7.5401e-10,6.1975e-11,1.605e-10,1,0.36524,0.1854,0.17984,0.01
7.6006e-10,1.1935e-10,1.6239e-10,1,0.36561,0.1854,0.18021,0.01
7.6612e-10,1.7673e-10,1.6428e-10,1,0.36598,0.1854,0.18058,0.01
7.7217e-10,2.3411e-10,1.6617e-10,1,0.36635,0.1854,0.18095,0.01
7.7823e-10,2.9149e-10,1.6806e-10,1,0.36672,0.1854,0.18132,0.01
7.8428e-10,3.4887e-10,1.6995e-10,1,0.36709,0.1854,0.18169,0.01
7.9034e-10,4.0625e-10,1.7184e-10,1,0.36746,0.1854,0.18206,0.01
7.964e-10,4.6363e-10,1.7372e-10,1,0.36783,0.1854,0.18243,0.01
8.0245e-10,5.2101e-10,1.7561e-10,1,0.3682,0.1854,0.1828,0.01
8.0851e-10,5.7839e-10,1.775e-10,1,0.36858,0.1854,0.18318,0.01
8.1456e-10,6.3577e-10,1.7939e-10,1,0.36895,0.1854,0.18355,0.01
8.2062e-10,6.9315e-10,1.8128e-10,1,0.36932,0.1854,0.18392,0.01
8.2667e-10,7.5053e-10,1.8317e-10,1,0.36969,0.1854,0.18429,0.01
8.3273e-10,8.079e-10,1.8506e-10,1,0.37006,0.1854,0.18466,0.01
8.3878e-10,8.6528e-10,1.8694e-10,1,0.37043,0.1854,0.18503,0.01
8.4484e-10,9.2266e-10,1.8883e-10,1,0.3708,0.1854,0.1854,0.01
